0,3,3,2,1,0,1,1,2,1,1,2,3,1,3,81,83,81,76,77,76,88,71,56,68,68,72,67,71,75,73,82,94,67,84,70,75,62,76,96,83,76,84,72,78,27,26,32,20,36,24,22,20,24,22,26,17,30,25,20,24,28,21,26,25,21,22,30,18,23,83,72,71,72,71,81,72,90,78,94,2,1,1,2,1,0,2,1,2,3,1,1,1,1,0,2,0,1,1,2,2,1,0,1,0,2,0,0,1,2,1,3,1,0,3,0,2,2,1,1,0,0,0,0,4,1,3,1,0,1,1,1,0,1,2,0,1,3,2,2,3,3,0,5,2,1,1,2,2,1,0,1,1,2,1,2,3,0,0,1
1,0,0,0,1,0,3,1,0,1,1,2,3,0,0,68,62,91,85,65,70,81,50,70,88,72,74,79,82,74,68,81,82,72,75,60,93,62,86,75,81,74,66,81,75,23,17,17,26,24,24,27,28,31,25,26,21,26,26,20,31,26,25,21,30,32,24,28,34,22,76,71,81,67,73,66,75,74,61,76,2,1,1,2,1,0,2,1,2,3,1,1,1,1,0,2,0,1,1,2,2,1,0,1,0,2,0,0,1,2,1,3,1,0,3,0,2,2,1,1,0,0,0,0,4,1,3,1,0,1,1,1,0,1,2,0,1,3,2,2,3,3,0,5,2,1,1,2,2,1,0,1,1,2,1,2,3,0,0,1
0,1,2,2,0,1,0,1,1,0,0,1,3,3,1,72,93,77,80,62,58,66,57,71,86,79,81,67,65,59,77,79,65,83,71,82,69,66,77,81,86,74,92,93,79,23,24,23,21,30,24,27,26,39,27,21,20,22,23,24,14,20,19,23,22,21,21,24,23,32,62,60,87,74,83,80,75,77,68,69,2,1,1,2,1,0,2,1,2,3,1,1,1,1,0,2,0,1,1,2,2,1,0,1,0,2,0,0,1,2,1,3,1,0,3,0,2,2,1,1,0,0,0,0,4,1,3,1,0,1,1,1,0,1,2,0,1,3,2,2,3,3,0,5,2,1,1,2,2,1,0,1,1,2,1,2,3,0,0,1
1,0,1,2,3,0,1,1,0,2,0,0,0,0,1,69,97,89,71,84,73,73,71,96,83,97,89,79,75,72,72,84,76,77,74,73,51,81,76,74,69,94,71,92,72,18,19,23,30,24,25,24,30,22,30,41,20,25,27,25,25,21,25,27,29,37,26,28,39,18,76,80,71,74,61,75,84,80,82,72,0,1,0,4,2,0,1,2,0,3,0,1,1,1,2,1,3,1,1,1,3,2,1,1,2,1,0,1,2,1,1,3,1,2,0,2,2,2,0,0,1,1,0,0,0,1,2,0,1,0,1,1,2,2,1,1,2,3,1,1,0,2,2,4,2,0,0,0,1,1,1,1,0,1,0,1,1,0,1,2
2,3,0,2,0,1,0,1,1,1,0,1,0,0,0,76,71,74,51,79,61,79,77,74,60,60,77,67,85,71,89,72,80,92,80,80,63,81,70,98,77,96,68,75,79,31,28,28,24,27,31,27,22,28,21,25,36,35,38,28,21,19,21,19,26,24,25,27,15,19,80,84,85,73,91,69,63,74,69,88,1,1,2,0,1,2,0,4,2,1,2,2,2,2,1,1,1,1,1,1,1,2,2,0,0,0,0,1,2,0,0,2,1,1,1,0,0,0,3,1,1,2,1,2,0,2,2,1,1,2,0,1,1,2,0,1,1,1,0,0,2,0,1,0,1,2,4,0,0,0,1,0,1,1,1,1,1,2,1,1
0,1,1,2,0,4,1,1,1,0,1,2,1,0,1,78,70,82,70,84,76,63,73,58,60,67,68,62,83,86,84,74,74,84,92,75,73,75,77,65,85,78,71,72,72,20,26,28,28,26,25,36,22,18,23,26,25,24,20,29,32,27,28,32,22,25,28,23,24,32,68,71,88,86,87,77,69,75,85,77,2,0,0,2,1,2,0,0,1,1,2,1,3,2,0,3,4,0,1,1,3,1,2,1,2,2,1,0,2,2,0,1,1,2,0,1,2,1,1,0,2,1,1,1,0,2,0,1,1,0,1,1,2,0,0,1,1,0,0,1,0,1,2,0,3,1,3,0,2,0,2,1,0,1,0,1,0,1,1,0
3,2,1,0,1,0,1,0,2,1,3,0,2,0,1,75,68,70,56,82,72,81,86,72,71,78,72,75,86,72,74,76,71,68,61,70,64,90,77,74,67,93,84,95,84,32,19,22,30,28,34,36,29,17,20,23,24,32,23,32,16,23,26,25,30,25,30,25,25,18,74,86,77,102,77,82,67,72,72,75,2,1,1,2,1,0,2,1,2,3,1,1,1,1,0,2,0,1,1,2,2,1,0,1,0,2,0,0,1,2,1,3,1,0,3,0,2,2,1,1,0,0,0,0,4,1,3,1,0,1,1,1,0,1,2,0,1,3,2,2,3,3,0,5,2,1,1,2,2,1,0,1,1,2,1,2,3,0,0,1
1,0,1,0,0,0,1,1,0,2,0,2,1,0,0,80,70,61,78,78,81,76,61,64,77,69,70,61,85,81,69,71,76,71,89,77,70,79,83,63,83,85,83,72,98,23,26,24,18,33,20,22,31,31,19,22,19,21,26,16,31,23,28,16,20,31,18,22,20,21,79,71,66,85,73,85,81,88,60,80,2,1,1,2,1,0,2,1,2,3,1,1,1,1,0,2,0,1,1,2,2,1,0,1,0,2,0,0,1,2,1,3,1,0,3,0,2,2,1,1,0,0,0,0,4,1,3,1,0,1,1,1,0,1,2,0,1,3,2,2,3,3,0,5,2,1,1,2,2,1,0,1,1,2,1,2,3,0,0,1
4,1,0,2,2,3,1,0,0,0,0,3,1,0,2,73,83,87,72,75,82,80,72,85,77,71,68,81,74,86,71,61,66,65,62,70,89,75,71,77,69,75,79,65,77,28,30,32,21,23,33,29,20,22,23,21,20,19,23,28,27,25,22,25,21,29,25,20,15,19,79,85,79,81,62,93,70,66,79,76,0,1,1,1,0,3,0,3,2,1,1,1,0,1,1,0,1,2,1,2,1,0,0,1,0,0,1,0,0,1,1,0,1,2,1,2,0,2,1,1,2,1,0,3,1,0,0,1,3,1,3,0,0,0,1,3,2,0,2,0,0,0,1,4,0,1,3,3,1,0,2,1,0,2,0,3,3,0,3,2
1,1,0,0,0,0,1,1,3,2,0,3,1,1,1,55,79,72,76,85,77,83,71,70,71,80,74,64,86,84,61,79,82,86,77,81,94,77,69,78,69,72,63,83,82,22,25,23,19,24,25,28,19,25,17,27,22,27,26,27,19,24,23,19,34,32,26,22,26,22,68,82,63,69,87,71,82,68,78,80,2,1,1,2,1,0,2,1,2,3,1,1,1,1,0,2,0,1,1,2,2,1,0,1,0,2,0,0,1,2,1,3,1,0,3,0,2,2,1,1,0,0,0,0,4,1,3,1,0,1,1,1,0,1,2,0,1,3,2,2,3,3,0,5,2,1,1,2,2,1,0,1,1,2,1,2,3,0,0,1
0,1,2,2,1,0,2,2,1,0,1,1,0,1,0,68,89,62,74,73,73,65,67,73,65,68,76,69,76,74,83,74,70,72,81,91,66,68,83,62,96,60,77,77,73,23,23,28,29,21,29,28,30,19,27,31,23,20,25,22,27,23,28,29,26,20,23,27,24,25,77,70,65,93,72,75,72,77,79,84,2,1,1,2,1,0,2,1,2,3,1,1,1,1,0,2,0,1,1,2,2,1,0,1,0,2,0,0,1,2,1,3,1,0,3,0,2,2,1,1,0,0,0,0,4,1,3,1,0,1,1,1,0,1,2,0,1,3,2,2,3,3,0,5,2,1,1,2,2,1,0,1,1,2,1,2,3,0,0,1
2,0,0,1,2,0,2,0,1,2,2,0,1,0,2,73,67,67,84,76,89,72,86,63,78,54,59,69,83,80,80,70,79,75,81,78,70,86,94,65,85,76,71,64,72,33,25,26,24,20,29,17,26,30,23,31,27,32,20,32,21,32,24,31,21,21,26,17,18,18,78,82,81,85,77,59,81,68,81,84,2,1,1,2,1,0,2,1,2,3,1,1,1,1,0,2,0,1,1,2,2,1,0,1,0,2,0,0,1,2,1,3,1,0,3,0,2,2,1,1,0,0,0,0,4,1,3,1,0,1,1,1,0,1,2,0,1,3,2,2,3,3,0,5,2,1,1,2,2,1,0,1,1,2,1,2,3,0,0,1
1,1,2,1,0,3,1,0,1,3,2,1,0,0,3,80,68,80,49,67,77,96,67,70,79,79,67,79,75,73,59,67,68,68,66,79,88,70,71,79,82,82,71,74,84,29,25,22,23,33,23,24,32,28,33,24,23,21,22,17,22,20,23,33,29,27,27,23,22,25,75,71,74,69,79,72,75,72,70,83,0,1,0,0,1,3,3,1,0,1,0,0,1,1,1,2,1,0,0,3,0,0,2,1,2,2,0,2,1,2,0,1,0,4,2,0,0,0,2,1,1,0,3,1,0,1,2,0,0,1,0,0,2,1,2,0,2,2,0,1,2,3,2,3,1,1,1,1,0,0,1,1,2,2,0,0,2,1,0,2
0,4,0,1,0,0,0,1,2,3,0,1,1,1,0,74,70,72,77,77,82,79,87,85,93,69,80,81,72,75,69,87,72,73,85,77,71,76,69,66,84,87,83,71,67,32,20,25,14,22,19,21,25,33,21,18,24,33,24,26,25,27,35,32,26,27,25,26,25,24,73,68,77,75,79,84,80,62,83,73,2,1,1,2,1,0,2,1,2,3,1,1,1,1,0,2,0,1,1,2,2,1,0,1,0,2,0,0,1,2,1,3,1,0,3,0,2,2,1,1,0,0,0,0,4,1,3,1,0,1,1,1,0,1,2,0,1,3,2,2,3,3,0,5,2,1,1,2,2,1,0,1,1,2,1,2,3,0,0,1
2,2,1,0,2,1,0,1,0,0,0,0,0,0,0,74,64,73,70,68,66,71,80,65,73,66,75,68,72,86,70,65,67,69,72,68,69,86,71,76,65,69,81,82,77,29,25,30,21,28,18,29,22,23,28,29,39,30,31,29,18,34,31,22,21,22,17,30,35,20,85,67,72,73,78,69,55,61,82,68,2,1,1,2,1,0,2,1,2,3,1,1,1,1,0,2,0,1,1,2,2,1,0,1,0,2,0,0,1,2,1,3,1,0,3,0,2,2,1,1,0,0,0,0,4,1,3,1,0,1,1,1,0,1,2,0,1,3,2,2,3,3,0,5,2,1,1,2,2,1,0,1,1,2,1,2,3,0,0,1
1,1,1,1,0,2,3,2,1,1,2,1,2,1,1,64,80,84,72,94,79,64,68,66,72,81,81,79,73,80,77,62,68,69,77,60,74,64,71,60,76,65,62,68,84,28,21,24,30,33,16,27,24,27,28,25,23,20,20,36,23,25,25,23,35,33,23,16,24,23,73,84,92,72,80,73,72,77,75,66,2,1,1,2,1,0,2,1,2,3,1,1,1,1,0,2,0,1,1,2,2,1,0,1,0,2,0,0,1,2,1,3,1,0,3,0,2,2,1,1,0,0,0,0,4,1,3,1,0,1,1,1,0,1,2,0,1,3,2,2,3,3,0,5,2,1,1,2,2,1,0,1,1,2,1,2,3,0,0,1
1,0,1,2,1,0,0,2,0,2,2,0,0,1,2,60,70,60,80,78,79,79,57,70,83,79,75,71,79,71,75,69,67,80,78,71,73,66,66,89,69,65,59,79,69,28,34,22,20,21,31,35,23,24,30,32,30,30,28,17,29,28,22,29,23,23,26,11,25,25,78,87,88,71,69,80,62,61,85,93,2,1,1,2,1,0,2,1,2,3,1,1,1,1,0,2,0,1,1,2,2,1,0,1,0,2,0,0,1,2,1,3,1,0,3,0,2,2,1,1,0,0,0,0,4,1,3,1,0,1,1,1,0,1,2,0,1,3,2,2,3,3,0,5,2,1,1,2,2,1,0,1,1,2,1,2,3,0,0,1
1,2,1,0,3,1,1,0,1,0,2,1,0,4,2,65,79,79,73,74,79,65,89,75,67,75,80,70,60,66,79,68,61,76,80,51,66,77,88,77,81,84,74,85,76,21,23,27,24,22,21,29,13,21,27,20,24,29,29,24,23,13,18,29,26,32,24,25,31,16,66,73,84,74,68,58,76,96,84,61,1,1,0,1,1,1,0,0,2,1,2,2,4,1,2,0,0,2,1,1,1,0,4,0,0,2,1,1,3,1,0,1,4,2,2,0,1,0,2,1,0,2,0,4,2,1,2,2,0,2,1,2,3,0,1,1,1,1,0,0,0,3,2,1,2,0,1,2,0,0,1,2,2,2,1,2,1,3,1,2
0,3,0,0,3,0,0,0,0,1,1,1,1,2,2,81,77,83,72,81,89,87,63,85,68,75,87,74,71,75,75,75,70,67,88,80,61,57,66,83,71,68,87,70,83,26,28,31,27,25,21,29,24,27,30,24,29,26,25,13,26,34,31,27,19,23,34,16,22,33,67,82,87,84,83,79,80,73,57,71,0,1,0,0,3,0,1,0,2,1,0,1,0,2,2,1,2,0,0,0,1,3,1,3,1,1,1,1,1,5,0,0,1,1,0,2,1,1,1,0,0,1,1,2,0,2,2,1,4,1,0,0,1,2,0,1,1,2,3,0,2,1,1,1,2,1,2,1,2,0,1,2,1,0,2,2,2,1,0,1
2,0,1,1,0,0,3,1,1,1,0,1,2,2,0,71,75,67,84,65,77,74,66,71,68,88,63,72,68,79,88,78,78,68,73,69,68,86,78,68,82,85,80,80,71,24,20,24,23,18,29,22,23,34,26,22,17,31,17,23,21,26,29,24,20,16,22,30,25,37,83,88,87,60,102,75,83,77,75,78,2,1,1,2,1,0,2,1,2,3,1,1,1,1,0,2,0,1,1,2,2,1,0,1,0,2,0,0,1,2,1,3,1,0,3,0,2,2,1,1,0,0,0,0,4,1,3,1,0,1,1,1,0,1,2,0,1,3,2,2,3,3,0,5,2,1,1,2,2,1,0,1,1,2,1,2,3,0,0,1
0,4,0,1,0,1,2,1,1,4,0,0,0,2,1,76,77,74,72,69,64,68,82,82,65,70,74,60,54,67,72,87,68,77,62,83,75,71,72,79,69,65,98,65,77,22,23,24,35,24,29,24,26,26,29,27,23,25,31,23,25,20,33,29,21,26,19,23,26,22,75,72,89,70,67,69,66,97,62,69,2,1,1,2,1,0,2,1,2,3,1,1,1,1,0,2,0,1,1,2,2,1,0,1,0,2,0,0,1,2,1,3,1,0,3,0,2,2,1,1,0,0,0,0,4,1,3,1,0,1,1,1,0,1,2,0,1,3,2,2,3,3,0,5,2,1,1,2,2,1,0,1,1,2,1,2,3,0,0,1
1,1,1,1,3,0,2,0,2,1,0,1,1,2,2,67,88,73,72,73,71,73,67,92,77,98,77,64,82,79,79,71,60,61,76,71,84,86,74,55,81,69,82,71,69,21,20,32,20,30,26,27,22,21,22,33,24,29,20,26,30,20,33,21,31,26,25,32,30,25,76,65,73,73,70,96,85,63,71,77,2,1,1,2,1,0,2,1,2,3,1,1,1,1,0,2,0,1,1,2,2,1,0,1,0,2,0,0,1,2,1,3,1,0,3,0,2,2,1,1,0,0,0,0,4,1,3,1,0,1,1,1,0,1,2,0,1,3,2,2,3,3,0,5,2,1,1,2,2,1,0,1,1,2,1,2,3,0,0,1
2,2,1,1,1,2,1,4,4,1,1,1,1,0,1,58,72,79,73,68,73,101,97,66,63,69,89,89,80,89,76,75,77,84,78,68,76,68,75,67,67,76,79,78,54,22,39,26,32,22,26,26,27,26,19,24,27,30,22,28,24,30,26,27,23,31,25,26,27,30,85,63,75,98,76,78,82,79,76,76,2,2,2,0,0,1,0,1,2,0,1,1,1,3,2,1,0,1,3,1,3,3,2,2,1,1,2,3,2,1,2,1,2,0,0,0,2,0,0,2,1,2,3,3,0,0,0,1,0,0,0,2,0,1,1,0,1,0,0,1,0,2,3,1,3,1,1,1,1,2,3,2,0,0,0,2,0,1,3,1
1,0,0,0,0,1,0,1,1,1,2,2,2,0,1,67,89,60,94,78,86,68,81,83,71,59,74,86,62,67,82,75,81,69,64,74,67,82,69,81,79,75,77,76,67,27,25,21,24,28,25,20,35,30,26,23,19,31,20,29,21,27,25,24,27,21,18,30,23,26,61,88,72,77,86,77,87,67,69,77,2,1,1,2,1,0,2,1,2,3,1,1,1,1,0,2,0,1,1,2,2,1,0,1,0,2,0,0,1,2,1,3,1,0,3,0,2,2,1,1,0,0,0,0,4,1,3,1,0,1,1,1,0,1,2,0,1,3,2,2,3,3,0,5,2,1,1,2,2,1,0,1,1,2,1,2,3,0,0,1
3,1,1,4,2,3,1,1,3,0,1,1,2,1,0,69,94,69,93,74,67,73,82,77,68,64,63,85,76,79,76,67,74,62,76,71,75,78,84,80,75,76,74,88,68,21,23,34,34,21,22,31,22,38,27,27,21,23,28,25,26,18,33,29,30,37,33,34,34,21,69,89,79,65,78,72,65,75,94,67,1,0,3,1,2,1,0,1,1,0,0,2,0,1,1,2,1,1,1,1,0,0,0,2,1,2,2,1,2,2,1,2,2,1,1,3,0,1,3,3,0,0,1,1,3,1,1,1,1,1,3,0,1,2,2,1,1,3,2,5,0,0,0,2,1,1,1,0,1,1,0,1,2,0,0,0,2,1,2,0
0,1,1,3,2,0,1,3,1,0,3,0,2,1,0,64,86,70,66,79,67,85,85,72,61,60,70,73,101,75,67,71,83,96,69,61,66,81,85,78,81,75,64,73,79,28,25,31,18,26,24,25,24,27,21,28,27,21,26,28,23,21,21,28,28,24,30,23,23,26,65,62,71,91,70,78,75,85,84,76,1,1,0,1,0,0,2,2,0,1,2,2,1,0,0,0,0,2,2,1,3,1,3,0,1,0,3,0,0,4,0,0,0,0,0,0,0,1,4,0,0,3,2,0,0,0,3,0,1,2,0,1,3,1,1,1,0,2,2,0,0,0,1,0,2,3,0,3,1,1,0,3,0,1,2,2,1,2,1,1
0,0,0,1,2,0,1,1,1,1,0,2,2,0,1,79,89,84,85,63,74,65,83,82,69,74,79,77,89,75,68,81,72,86,61,62,70,92,70,84,66,59,67,68,59,29,25,33,23,33,18,20,26,17,26,24,31,24,18,21,22,32,23,20,24,21,22,26,24,29,66,87,73,74,83,70,88,66,63,76,2,1,1,2,1,0,2,1,2,3,1,1,1,1,0,2,0,1,1,2,2,1,0,1,0,2,0,0,1,2,1,3,1,0,3,0,2,2,1,1,0,0,0,0,4,1,3,1,0,1,1,1,0,1,2,0,1,3,2,2,3,3,0,5,2,1,1,2,2,1,0,1,1,2,1,2,3,0,0,1
2,1,0,2,1,0,2,1,0,0,1,0,1,1,0,77,62,79,87,66,87,74,70,92,81,72,80,72,68,67,64,81,74,79,83,89,79,71,78,81,65,86,72,76,62,18,23,31,21,24,16,34,25,29,24,25,24,21,28,24,25,25,20,26,23,30,22,21,27,27,83,69,83,68,74,73,76,71,77,83,2,1,1,2,1,0,2,1,2,3,1,1,1,1,0,2,0,1,1,2,2,1,0,1,0,2,0,0,1,2,1,3,1,0,3,0,2,2,1,1,0,0,0,0,4,1,3,1,0,1,1,1,0,1,2,0,1,3,2,2,3,3,0,5,2,1,1,2,2,1,0,1,1,2,1,2,3,0,0,1
4,1,0,0,1,2,0,0,0,3,3,2,2,1,1,71,65,78,81,70,81,81,80,78,61,83,61,56,66,82,62,69,75,76,76,79,74,74,83,68,73,65,95,79,84,21,14,33,31,26,37,30,24,21,28,25,26,19,20,30,24,26,32,26,17,19,27,22,29,18,85,67,79,74,88,73,73,62,75,76,2,1,1,2,1,0,2,1,2,3,1,1,1,1,0,2,0,1,1,2,2,1,0,1,0,2,0,0,1,2,1,3,1,0,3,0,2,2,1,1,0,0,0,0,4,1,3,1,0,1,1,1,0,1,2,0,1,3,2,2,3,3,0,5,2,1,1,2,2,1,0,1,1,2,1,2,3,0,0,1
1,0,0,3,1,1,2,1,1,1,2,1,3,0,1,74,67,76,72,82,68,65,68,79,89,59,78,68,65,73,66,73,68,83,80,82,86,62,72,71,71,81,61,63,66,27,24,26,17,23,27,21,21,15,28,20,21,28,13,23,25,23,26,26,18,16,19,18,15,21,70,52,63,74,78,88,72,73,80,77,2,1,1,2,1,0,2,1,2,3,1,1,1,1,0,2,0,1,1,2,2,1,0,1,0,2,0,0,1,2,1,3,1,0,3,0,2,2,1,1,0,0,0,0,4,1,3,1,0,1,1,1,0,1,2,0,1,3,2,2,3,3,0,5,2,1,1,2,2,1,0,1,1,2,1,2,3,0,0,1
2,1,2,2,3,0,1,2,1,2,1,0,0,2,1,87,88,77,79,70,70,78,82,85,70,89,77,87,71,82,72,97,67,78,72,85,82,59,73,68,79,74,68,80,75,26,32,15,29,19,18,32,27,22,27,23,22,26,23,23,30,27,34,27,21,23,23,30,32,18,87,81,83,76,95,67,61,74,75,75,2,1,1,2,1,0,2,1,2,3,1,1,1,1,0,2,0,1,1,2,2,1,0,1,0,2,0,0,1,2,1,3,1,0,3,0,2,2,1,1,0,0,0,0,4,1,3,1,0,1,1,1,0,1,2,0,1,3,2,2,3,3,0,5,2,1,1,2,2,1,0,1,1,2,1,2,3,0,0,1
0,1,3,0,1,0,0,1,1,0,0,1,0,0,1,76,72,64,79,68,72,90,71,75,81,71,64,78,81,77,88,77,68,82,69,90,68,69,89,94,69,72,59,78,66,22,27,29,20,16,25,32,14,26,27,18,22,26,21,23,21,20,32,36,28,28,33,24,16,17,86,84,98,71,73,64,101,80,66,63,2,1,1,2,1,0,2,1,2,3,1,1,1,1,0,2,0,1,1,2,2,1,0,1,0,2,0,0,1,2,1,3,1,0,3,0,2,2,1,1,0,0,0,0,4,1,3,1,0,1,1,1,0,1,2,0,1,3,2,2,3,3,0,5,2,1,1,2,2,1,0,1,1,2,1,2,3,0,0,1
0,1,0,0,0,1,0,0,0,0,3,0,1,1,3,63,71,81,75,87,102,85,73,47,82,76,100,71,69,85,82,72,74,82,82,76,70,89,92,80,73,78,69,71,96,16,23,20,41,21,22,24,22,20,21,28,26,19,21,29,22,17,20,24,28,33,26,19,22,30,68,94,67,71,81,64,72,66,80,78,2,1,1,2,1,0,2,1,2,3,1,1,1,1,0,2,0,1,1,2,2,1,0,1,0,2,0,0,1,2,1,3,1,0,3,0,2,2,1,1,0,0,0,0,4,1,3,1,0,1,1,1,0,1,2,0,1,3,2,2,3,3,0,5,2,1,1,2,2,1,0,1,1,2,1,2,3,0,0,1
2,0,0,0,1,1,0,1,0,1,1,2,0,2,2,62,70,71,71,66,79,73,66,82,84,78,79,88,92,48,85,73,84,78,77,65,73,80,89,84,72,84,79,73,75,26,29,27,23,25,32,24,21,19,23,28,19,30,19,17,16,30,20,18,30,24,24,20,27,12,86,65,62,92,67,83,72,83,78,68,2,1,1,2,1,0,2,1,2,3,1,1,1,1,0,2,0,1,1,2,2,1,0,1,0,2,0,0,1,2,1,3,1,0,3,0,2,2,1,1,0,0,0,0,4,1,3,1,0,1,1,1,0,1,2,0,1,3,2,2,3,3,0,5,2,1,1,2,2,1,0,1,1,2,1,2,3,0,0,1
0,2,1,2,2,0,1,1,0,1,2,2,2,0,1,86,55,79,59,67,93,81,89,58,69,77,66,71,83,70,75,82,70,82,74,75,71,93,68,65,78,76,82,68,80,28,16,31,31,29,21,21,20,21,20,21,24,34,22,28,22,22,37,28,26,28,26,27,24,24,73,75,68,91,87,73,69,93,77,79,2,1,1,2,1,0,2,1,2,3,1,1,1,1,0,2,0,1,1,2,2,1,0,1,0,2,0,0,1,2,1,3,1,0,3,0,2,2,1,1,0,0,0,0,4,1,3,1,0,1,1,1,0,1,2,0,1,3,2,2,3,3,0,5,2,1,1,2,2,1,0,1,1,2,1,2,3,0,0,1
2,0,2,1,1,1,2,2,1,0,2,0,1,0,1,70,80,80,82,71,88,71,77,78,75,69,90,74,64,65,69,69,77,70,77,82,93,89,60,59,70,84,68,53,80,16,36,29,26,25,26,29,30,30,25,23,30,20,28,23,19,19,25,17,30,23,23,22,32,23,76,88,75,71,81,77,83,70,82,74,2,1,1,2,1,0,2,1,2,3,1,1,1,1,0,2,0,1,1,2,2,1,0,1,0,2,0,0,1,2,1,3,1,0,3,0,2,2,1,1,0,0,0,0,4,1,3,1,0,1,1,1,0,1,2,0,1,3,2,2,3,3,0,5,2,1,1,2,2,1,0,1,1,2,1,2,3,0,0,1
0,1,2,1,0,2,1,1,1,3,0,0,0,2,0,82,89,67,77,74,87,66,80,69,61,61,58,63,70,65,74,70,72,77,71,62,75,64,71,63,70,66,84,80,75,24,27,24,36,27,26,15,16,24,29,26,25,19,32,36,20,23,23,27,25,24,32,15,32,24,72,80,81,87,88,77,73,76,70,83,2,1,1,2,1,0,2,1,2,3,1,1,1,1,0,2,0,1,1,2,2,1,0,1,0,2,0,0,1,2,1,3,1,0,3,0,2,2,1,1,0,0,0,0,4,1,3,1,0,1,1,1,0,1,2,0,1,3,2,2,3,3,0,5,2,1,1,2,2,1,0,1,1,2,1,2,3,0,0,1
0,0,1,0,2,1,2,4,1,3,0,1,1,1,0,69,87,77,76,84,83,64,55,80,74,73,80,90,87,84,70,66,88,69,77,76,80,86,99,65,76,71,78,70,75,26,24,36,25,24,28,23,18,29,14,26,17,34,34,21,33,35,23,20,28,39,20,31,25,35,81,73,90,80,82,74,73,70,96,81,2,1,1,2,1,0,2,1,2,3,1,1,1,1,0,2,0,1,1,2,2,1,0,1,0,2,0,0,1,2,1,3,1,0,3,0,2,2,1,1,0,0,0,0,4,1,3,1,0,1,1,1,0,1,2,0,1,3,2,2,3,3,0,5,2,1,1,2,2,1,0,1,1,2,1,2,3,0,0,1
1,0,5,1,0,2,1,1,3,1,0,2,0,1,0,74,69,65,84,66,80,93,65,74,66,75,68,76,79,72,79,91,91,66,74,59,70,69,64,78,82,74,54,76,59,30,29,31,20,19,21,29,20,23,25,22,25,35,23,34,16,23,24,21,25,25,22,22,25,20,68,91,77,89,80,73,78,74,75,67,2,1,1,2,1,0,2,1,2,3,1,1,1,1,0,2,0,1,1,2,2,1,0,1,0,2,0,0,1,2,1,3,1,0,3,0,2,2,1,1,0,0,0,0,4,1,3,1,0,1,1,1,0,1,2,0,1,3,2,2,3,3,0,5,2,1,1,2,2,1,0,1,1,2,1,2,3,0,0,1
0,0,0,2,0,1,0,0,0,0,0,3,0,1,1,64,64,80,77,79,62,88,73,71,75,75,68,75,67,75,70,54,69,73,73,68,63,84,84,74,67,67,64,67,71,34,22,30,25,28,31,19,25,24,29,18,31,30,18,28,21,29,31,24,21,31,22,18,19,15,94,66,74,85,66,65,65,86,72,79,2,1,0,1,0,1,1,3,2,0,2,1,0,1,2,1,1,0,2,2,1,0,2,0,1,2,0,1,4,0,2,0,0,1,4,2,0,1,1,2,1,1,1,3,0,1,1,0,0,2,1,1,0,1,1,0,2,1,3,1,2,0,0,0,1,0,2,2,1,0,1,0,1,3,1,2,1,2,0,1
0,1,1,3,0,2,0,0,0,0,0,0,2,1,1,83,83,82,60,80,86,67,81,82,80,85,75,63,58,62,63,90,66,73,93,80,77,77,59,85,76,63,75,78,52,33,26,24,25,16,33,18,22,30,23,22,35,32,22,22,26,21,26,23,25,13,21,25,33,19,65,82,69,75,80,85,69,74,84,63,2,1,1,2,1,0,2,1,2,3,1,1,1,1,0,2,0,1,1,2,2,1,0,1,0,2,0,0,1,2,1,3,1,0,3,0,2,2,1,1,0,0,0,0,4,1,3,1,0,1,1,1,0,1,2,0,1,3,2,2,3,3,0,5,2,1,1,2,2,1,0,1,1,2,1,2,3,0,0,1
4,1,1,1,1,2,0,1,4,0,1,2,0,1,1,70,79,69,74,83,74,69,67,66,71,80,86,78,61,81,83,84,67,71,71,98,79,71,84,66,81,76,65,76,71,29,25,29,26,34,29,17,25,28,16,30,27,29,32,30,27,21,17,18,25,21,18,20,27,21,88,70,75,77,69,73,75,88,74,85,2,1,1,2,1,0,2,1,2,3,1,1,1,1,0,2,0,1,1,2,2,1,0,1,0,2,0,0,1,2,1,3,1,0,3,0,2,2,1,1,0,0,0,0,4,1,3,1,0,1,1,1,0,1,2,0,1,3,2,2,3,3,0,5,2,1,1,2,2,1,0,1,1,2,1,2,3,0,0,1
0,2,2,0,2,4,0,1,3,1,0,1,2,2,0,63,57,92,81,77,70,76,81,79,74,68,71,76,78,79,81,98,67,69,69,75,66,78,67,65,72,79,65,72,69,23,19,21,28,25,27,27,27,26,30,37,23,25,30,24,23,26,22,35,28,38,18,28,16,26,65,68,70,87,83,82,78,63,73,93,0,4,2,3,3,0,1,1,1,1,1,0,1,2,3,0,2,0,2,2,1,0,3,1,3,2,1,2,1,0,2,1,2,1,0,1,3,2,1,1,1,0,1,1,1,3,1,1,0,1,0,4,1,0,0,0,0,1,1,0,1,1,1,1,0,2,1,2,2,1,1,0,0,1,1,1,0,0,1,2
1,0,1,1,1,0,1,1,2,1,1,0,0,1,1,84,77,73,78,70,87,79,91,71,76,62,81,86,66,74,92,54,70,66,73,70,62,64,58,83,82,67,66,83,81,16,31,24,27,22,30,14,26,14,38,18,20,21,29,21,23,21,19,31,21,24,26,29,32,27,68,64,74,85,79,87,82,76,82,64,2,0,1,0,1,1,2,3,0,1,2,0,1,3,1,0,1,1,2,2,0,3,0,0,2,0,0,1,2,3,1,2,0,3,2,0,0,0,1,0,3,4,0,2,2,0,0,0,0,3,3,0,3,1,1,1,3,0,0,1,0,0,4,1,1,2,1,1,1,2,0,0,1,1,1,2,1,1,0,0
1,4,1,3,1,1,2,1,1,1,1,1,1,1,0,84,76,72,79,79,66,67,83,75,79,81,77,83,87,70,84,61,63,77,74,71,63,75,68,54,78,69,65,88,64,16,34,33,26,28,30,18,22,28,26,30,23,27,33,27,29,30,22,26,25,17,22,20,23,27,60,71,88,88,58,86,68,71,78,79,2,1,1,2,1,0,2,1,2,3,1,1,1,1,0,2,0,1,1,2,2,1,0,1,0,2,0,0,1,2,1,3,1,0,3,0,2,2,1,1,0,0,0,0,4,1,3,1,0,1,1,1,0,1,2,0,1,3,2,2,3,3,0,5,2,1,1,2,2,1,0,1,1,2,1,2,3,0,0,1
0,1,0,0,1,2,1,1,3,2,2,0,0,2,1,73,57,78,63,75,86,75,77,61,80,61,77,81,84,93,77,68,71,70,72,64,78,70,73,71,74,84,77,68,75,21,15,29,38,24,29,14,25,26,25,22,24,27,23,25,26,32,41,18,26,37,32,24,31,21,71,72,73,85,70,75,81,72,87,68,2,1,1,2,1,0,2,1,2,3,1,1,1,1,0,2,0,1,1,2,2,1,0,1,0,2,0,0,1,2,1,3,1,0,3,0,2,2,1,1,0,0,0,0,4,1,3,1,0,1,1,1,0,1,2,0,1,3,2,2,3,3,0,5,2,1,1,2,2,1,0,1,1,2,1,2,3,0,0,1
0,0,2,0,1,0,0,0,1,2,2,1,0,1,0,72,68,70,65,75,75,69,70,76,93,87,65,80,91,72,74,84,86,83,73,73,72,68,70,77,88,70,72,67,67,19,25,24,21,24,18,24,19,19,16,27,29,32,38,28,18,21,25,20,27,31,23,26,20,17,67,57,78,85,65,73,62,82,78,63,2,1,1,2,1,0,2,1,2,3,1,1,1,1,0,2,0,1,1,2,2,1,0,1,0,2,0,0,1,2,1,3,1,0,3,0,2,2,1,1,0,0,0,0,4,1,3,1,0,1,1,1,0,1,2,0,1,3,2,2,3,3,0,5,2,1,1,2,2,1,0,1,1,2,1,2,3,0,0,1
0,0,0,2,1,0,1,0,0,1,0,2,0,0,0,62,62,80,81,79,89,73,68,68,69,70,72,74,71,82,69,78,88,77,60,84,74,71,64,73,80,68,63,88,85,23,30,27,25,28,27,21,36,22,19,27,27,31,32,27,16,26,23,23,23,24,23,23,23,23,74,69,85,80,84,74,83,82,79,82,3,1,2,0,2,1,0,0,0,4,0,0,4,2,1,0,0,2,1,2,2,1,3,1,1,2,0,0,2,1,5,2,0,2,2,2,2,2,0,0,0,0,0,0,3,0,2,0,0,5,2,1,3,0,3,2,1,1,1,1,2,0,1,0,2,1,5,3,1,5,1,1,1,3,1,3,3,1,1,1
0,0,0,3,1,1,2,1,0,0,0,1,1,1,1,77,73,79,78,73,85,61,86,87,69,84,85,61,73,74,69,83,88,88,73,85,96,64,84,78,66,84,60,87,75,20,27,18,19,30,29,24,20,16,24,26,22,24,28,24,22,32,30,26,31,30,31,28,23,30,72,82,71,73,68,60,59,77,78,76,2,0,1,0,2,1,1,0,0,2,0,1,2,2,2,1,4,0,0,0,1,1,4,1,1,3,2,2,1,0,2,2,3,1,4,0,1,0,0,1,1,0,1,0,4,3,0,1,0,0,0,0,0,2,2,1,1,1,0,0,0,0,3,1,0,2,0,0,3,0,1,0,2,1,2,1,1,0,0,0
1,2,2,1,0,2,0,1,2,0,0,1,1,0,1,74,74,76,71,86,70,66,66,64,70,79,79,86,89,85,81,67,70,75,79,67,84,81,66,89,83,71,71,81,69,28,17,24,18,28,20,24,23,26,21,24,22,18,25,17,20,26,24,22,27,32,27,27,21,36,80,76,74,68,89,93,67,73,72,76,2,1,1,2,1,0,2,1,2,3,1,1,1,1,0,2,0,1,1,2,2,1,0,1,0,2,0,0,1,2,1,3,1,0,3,0,2,2,1,1,0,0,0,0,4,1,3,1,0,1,1,1,0,1,2,0,1,3,2,2,3,3,0,5,2,1,1,2,2,1,0,1,1,2,1,2,3,0,0,1
33,26,26,25,25,24,33,23,28,35,23,28,26,27,28,1,1,0,1,1,0,1,1,0,0,66,79,65,69,63,86,79,90,82,75,78,66,67,66,77,80,75,52,67,85,27,24,26,19,20,18,28,16,29,28,23,24,27,27,33,13,17,30,22,29,17,29,26,16,33,0,1,1,3,0,1,0,3,0,2,1,2,0,3,0,1,2,2,3,0,1,2,1,3,2,0,1,2,0,2,1,1,0,1,1,0,1,3,1,0,0,0,0,1,1,1,2,2,0,1,1,0,3,1,0,3,1,1,1,0,1,2,1,1,2,0,0,0,0,1,0,2,1,3,2,2,2,0,0,1,1,0,1,1,2,2,1,4,0,1
24,33,25,30,25,22,30,19,31,20,25,32,19,26,26,1,1,2,1,2,1,1,0,1,1,79,66,77,85,102,81,74,86,82,70,76,86,60,73,80,78,88,78,81,96,24,23,24,29,29,31,29,27,27,17,23,21,23,29,29,26,28,24,28,25,24,29,22,20,21,1,1,0,3,3,0,0,0,0,2,2,1,1,2,1,0,2,1,2,3,1,1,1,1,0,2,0,1,1,2,2,1,0,1,0,2,0,0,1,2,1,3,1,0,3,0,2,2,1,1,0,0,0,0,4,1,3,1,0,1,1,1,0,1,2,0,1,3,2,2,3,3,0,5,2,1,1,2,2,1,0,1,1,2,1,2,3,0,0,1
25,26,27,25,29,25,32,25,29,33,28,16,27,25,26,1,1,2,0,1,1,0,2,1,0,56,76,68,80,82,77,71,52,70,72,88,68,82,67,82,73,78,67,75,53,28,15,29,29,30,25,23,29,33,23,24,19,17,25,14,25,21,29,32,13,26,25,27,28,32,2,0,2,2,0,0,1,1,3,1,2,1,1,2,1,0,2,1,2,3,1,1,1,1,0,2,0,1,1,2,2,1,0,1,0,2,0,0,1,2,1,3,1,0,3,0,2,2,1,1,0,0,0,0,4,1,3,1,0,1,1,1,0,1,2,0,1,3,2,2,3,3,0,5,2,1,1,2,2,1,0,1,1,2,1,2,3,0,0,1
24,34,22,31,20,18,35,20,27,26,24,17,10,26,25,1,0,2,2,1,1,1,3,1,0,85,70,68,88,74,94,72,77,81,68,76,73,78,53,68,78,73,84,76,70,22,24,30,23,19,27,20,28,20,26,26,22,27,20,16,27,19,17,27,27,25,23,25,29,20,0,0,3,1,2,0,1,1,1,0,2,1,1,2,1,0,2,1,2,3,1,1,1,1,0,2,0,1,1,2,2,1,0,1,0,2,0,0,1,2,1,3,1,0,3,0,2,2,1,1,0,0,0,0,4,1,3,1,0,1,1,1,0,1,2,0,1,3,2,2,3,3,0,5,2,1,1,2,2,1,0,1,1,2,1,2,3,0,0,1
19,19,30,24,22,30,26,23,32,26,21,30,29,27,32,2,0,1,2,1,3,1,0,1,0,70,72,80,66,62,81,64,71,75,66,78,83,89,65,73,75,79,64,85,75,26,31,28,27,22,26,26,33,20,18,23,31,39,31,28,23,24,26,29,23,31,34,25,26,27,1,0,3,1,1,1,1,0,0,2,0,2,0,3,3,2,0,0,1,0,0,0,1,1,4,1,1,1,0,1,1,5,1,1,1,2,0,1,1,1,0,2,1,3,3,2,2,0,0,1,1,2,3,0,0,1,0,0,1,3,0,2,2,0,0,1,0,1,0,2,0,1,2,4,1,0,1,3,1,1,2,1,0,2,0,2,1,0,0,2
27,19,26,16,18,29,23,20,26,27,24,21,25,22,17,0,2,0,1,1,1,0,1,1,3,71,75,80,84,73,64,63,74,79,68,86,73,82,48,71,80,79,81,73,67,20,22,31,21,36,18,22,16,25,23,19,27,21,27,28,21,23,24,29,24,28,23,35,21,30,1,0,0,1,3,0,0,0,1,0,0,1,0,0,3,1,0,2,2,0,0,0,0,2,0,1,1,2,3,1,0,0,1,1,2,0,0,2,0,0,2,1,1,2,2,0,0,1,1,2,2,3,0,0,1,2,0,3,0,1,1,0,0,0,0,0,0,2,0,1,0,1,1,1,1,0,2,0,2,0,0,1,0,2,1,1,4,5,1,1
15,29,25,29,23,25,28,30,23,36,33,25,27,24,22,2,1,1,1,3,0,1,0,2,1,72,73,70,71,100,79,81,73,72,62,65,68,74,52,71,76,60,84,57,70,33,27,18,31,24,23,25,31,34,32,21,20,26,30,26,22,25,29,20,19,33,24,27,28,25,1,0,0,1,2,3,0,0,2,0,2,1,1,2,1,0,2,1,2,3,1,1,1,1,0,2,0,1,1,2,2,1,0,1,0,2,0,0,1,2,1,3,1,0,3,0,2,2,1,1,0,0,0,0,4,1,3,1,0,1,1,1,0,1,2,0,1,3,2,2,3,3,0,5,2,1,1,2,2,1,0,1,1,2,1,2,3,0,0,1
21,21,27,28,23,26,21,28,28,33,29,34,28,19,28,2,1,1,0,1,1,1,1,3,0,90,76,71,66,71,83,90,62,65,70,74,88,85,60,76,65,75,86,71,87,27,21,30,25,22,26,34,21,25,28,21,22,28,21,18,31,28,30,17,28,24,20,30,22,23,0,1,0,2,0,1,0,0,1,1,2,1,1,2,1,0,2,1,2,3,1,1,1,1,0,2,0,1,1,2,2,1,0,1,0,2,0,0,1,2,1,3,1,0,3,0,2,2,1,1,0,0,0,0,4,1,3,1,0,1,1,1,0,1,2,0,1,3,2,2,3,3,0,5,2,1,1,2,2,1,0,1,1,2,1,2,3,0,0,1
21,23,27,19,27,26,24,24,24,23,35,27,25,31,20,0,1,0,0,1,2,0,2,0,3,69,74,74,64,66,74,75,81,73,90,64,57,87,84,81,61,84,83,78,68,29,33,22,30,25,26,18,21,26,37,27,19,29,22,19,22,27,29,24,17,26,33,29,24,21,1,3,1,1,1,1,2,1,0,3,2,1,1,2,1,0,2,1,2,3,1,1,1,1,0,2,0,1,1,2,2,1,0,1,0,2,0,0,1,2,1,3,1,0,3,0,2,2,1,1,0,0,0,0,4,1,3,1,0,1,1,1,0,1,2,0,1,3,2,2,3,3,0,5,2,1,1,2,2,1,0,1,1,2,1,2,3,0,0,1
25,21,23,32,22,32,29,25,21,27,25,31,27,22,25,1,0,1,1,1,3,3,0,0,1,80,63,82,76,80,65,67,94,68,71,85,69,78,69,68,80,83,79,79,93,27,25,16,25,34,30,22,21,25,17,26,30,21,28,31,18,29,26,28,26,31,21,24,29,25,2,4,1,3,0,0,0,0,0,0,2,2,2,2,0,2,1,0,1,2,1,2,0,2,3,2,1,1,3,1,1,1,1,3,0,1,0,1,1,0,1,0,0,0,2,0,2,2,2,2,1,1,0,0,1,0,3,1,0,0,0,1,2,3,2,0,0,1,4,0,1,1,1,1,0,2,3,0,1,0,1,1,0,0,0,0,0,0,1,1
24,28,21,22,34,25,29,16,20,26,25,27,26,26,37,0,1,2,0,1,1,1,1,2,1,59,66,70,72,68,76,95,76,65,67,64,68,88,79,97,74,64,65,71,67,27,23,15,18,23,22,30,22,30,23,26,25,34,18,25,22,28,27,20,26,30,28,34,25,22,2,4,1,1,3,1,2,3,0,2,1,2,0,0,1,1,1,0,1,1,1,1,1,0,3,1,6,1,0,1,1,2,1,1,1,3,1,0,0,0,2,1,2,1,1,1,1,1,2,1,0,2,2,1,0,3,1,4,5,1,2,0,0,1,1,1,1,0,3,1,1,1,1,0,0,4,4,3,0,0,1,0,0,2,0,1,0,0,0,0
23,25,21,25,31,24,18,23,26,33,28,22,21,19,30,3,0,1,3,1,1,0,0,1,2,68,71,73,76,65,69,69,78,71,88,81,72,71,78,69,76,70,76,68,78,30,28,34,24,32,22,24,20,21,21,27,20,31,26,27,21,20,32,19,19,29,19,16,33,23,4,0,1,0,0,1,0,2,0,0,2,1,1,2,1,0,2,1,2,3,1,1,1,1,0,2,0,1,1,2,2,1,0,1,0,2,0,0,1,2,1,3,1,0,3,0,2,2,1,1,0,0,0,0,4,1,3,1,0,1,1,1,0,1,2,0,1,3,2,2,3,3,0,5,2,1,1,2,2,1,0,1,1,2,1,2,3,0,0,1
24,20,29,23,21,27,21,15,20,20,18,33,15,29,26,0,0,3,0,2,3,2,2,2,0,82,73,70,60,66,79,69,75,85,72,85,70,87,84,69,67,75,80,77,92,22,31,15,16,26,26,17,25,23,27,28,29,21,27,27,22,21,26,29,20,29,34,25,20,25,1,2,0,0,1,0,2,2,2,0,2,0,3,2,0,0,0,2,1,0,1,0,0,1,3,3,1,1,3,2,4,0,2,1,1,1,1,6,0,0,2,1,3,1,2,1,0,3,0,4,1,1,2,1,3,1,1,1,1,3,0,2,1,0,0,0,1,0,2,1,1,1,0,0,0,0,2,0,1,2,2,1,0,1,2,3,0,1,3,0
25,25,27,32,31,22,27,16,24,14,24,20,26,23,35,2,1,2,0,1,1,0,0,0,1,77,70,91,73,69,85,76,82,87,58,73,78,73,85,77,71,73,83,77,75,24,25,27,31,23,19,27,21,26,19,24,24,34,20,33,28,18,22,27,27,17,35,34,24,20,4,2,1,0,2,1,2,1,2,1,2,1,1,2,1,0,2,1,2,3,1,1,1,1,0,2,0,1,1,2,2,1,0,1,0,2,0,0,1,2,1,3,1,0,3,0,2,2,1,1,0,0,0,0,4,1,3,1,0,1,1,1,0,1,2,0,1,3,2,2,3,3,0,5,2,1,1,2,2,1,0,1,1,2,1,2,3,0,0,1
25,30,22,17,21,30,26,26,25,19,37,25,35,18,25,1,0,1,1,0,1,0,1,1,1,72,79,76,79,76,71,68,69,77,74,80,75,69,77,67,77,93,93,63,82,30,30,25,21,28,26,25,26,25,23,21,27,22,25,28,17,30,21,25,33,19,21,18,16,24,4,0,1,0,0,0,0,3,1,0,2,1,1,2,1,0,2,1,2,3,1,1,1,1,0,2,0,1,1,2,2,1,0,1,0,2,0,0,1,2,1,3,1,0,3,0,2,2,1,1,0,0,0,0,4,1,3,1,0,1,1,1,0,1,2,0,1,3,2,2,3,3,0,5,2,1,1,2,2,1,0,1,1,2,1,2,3,0,0,1
32,21,32,24,27,34,30,29,23,20,24,20,28,29,24,3,0,1,0,1,2,0,1,1,2,79,77,67,75,80,75,64,76,75,79,69,91,64,81,70,75,78,82,84,59,20,28,14,28,21,23,17,17,34,28,22,22,35,28,28,27,27,26,23,21,32,22,23,30,25,0,3,0,2,0,1,0,1,0,0,2,1,1,2,1,0,2,1,2,3,1,1,1,1,0,2,0,1,1,2,2,1,0,1,0,2,0,0,1,2,1,3,1,0,3,0,2,2,1,1,0,0,0,0,4,1,3,1,0,1,1,1,0,1,2,0,1,3,2,2,3,3,0,5,2,1,1,2,2,1,0,1,1,2,1,2,3,0,0,1
17,24,23,19,20,30,24,34,28,23,27,30,23,26,27,0,1,5,0,2,0,0,3,4,0,68,78,65,65,66,75,85,71,72,70,70,77,61,98,63,73,75,66,92,76,26,29,36,23,23,32,24,15,24,19,20,28,25,19,20,27,27,26,19,23,27,15,28,21,22,2,0,2,2,3,0,1,0,0,1,0,2,1,1,1,2,3,0,1,0,3,1,2,1,1,1,2,0,3,0,0,3,2,0,1,1,1,2,0,2,1,1,1,0,2,0,0,0,0,1,1,2,3,0,2,0,1,0,1,1,1,0,0,0,2,1,0,0,0,0,2,2,2,0,1,1,2,0,1,2,1,0,2,0,2,2,2,1,2,1
21,28,26,19,19,28,24,21,37,25,20,24,27,27,27,3,1,1,0,3,2,2,1,0,0,83,67,77,89,78,73,74,70,63,70,76,79,67,75,88,93,77,78,81,69,23,22,19,19,17,18,25,34,29,23,25,29,22,18,23,29,26,30,23,33,21,28,26,29,23,2,0,1,1,2,0,1,2,1,1,2,1,1,2,1,0,2,1,2,3,1,1,1,1,0,2,0,1,1,2,2,1,0,1,0,2,0,0,1,2,1,3,1,0,3,0,2,2,1,1,0,0,0,0,4,1,3,1,0,1,1,1,0,1,2,0,1,3,2,2,3,3,0,5,2,1,1,2,2,1,0,1,1,2,1,2,3,0,0,1
20,19,31,28,24,23,24,22,25,36,12,38,29,24,29,1,2,2,0,1,1,0,1,2,1,73,75,75,97,91,59,79,76,80,81,74,86,79,83,68,58,90,74,78,64,22,19,29,29,30,18,30,21,32,28,25,20,28,23,24,27,36,22,24,19,30,28,22,18,15,1,1,0,1,0,1,0,0,1,0,1,0,0,0,1,1,3,1,3,1,0,1,1,1,1,2,0,2,1,1,2,0,2,1,2,0,3,3,3,1,1,3,1,3,0,2,1,2,1,0,0,0,3,0,2,3,0,1,0,0,1,1,0,2,2,1,0,2,0,2,1,3,1,1,0,2,0,1,2,2,2,0,0,2,0,1,1,0,0,0
26,20,28,25,29,29,28,24,27,23,36,24,28,21,36,0,2,3,1,2,3,0,1,1,2,62,73,64,69,86,78,76,65,78,69,90,73,74,71,89,71,101,71,75,66,34,27,26,27,30,28,19,24,26,21,30,24,26,26,29,30,19,29,26,25,26,22,25,14,23,1,0,2,1,1,3,1,0,1,2,1,0,0,1,0,1,2,1,2,0,2,2,1,2,1,0,1,2,1,1,0,4,1,3,0,2,1,0,1,1,1,1,0,2,1,2,1,2,1,2,1,2,2,1,0,1,0,1,0,0,3,0,1,4,3,2,3,1,0,3,2,0,2,3,2,1,1,1,0,1,0,0,0,1,0,2,1,1,0,1
20,28,16,40,21,30,28,27,26,22,22,22,24,32,21,2,1,2,0,1,1,3,2,1,3,82,87,76,72,82,72,62,85,73,69,63,71,87,95,60,71,71,88,64,66,22,30,17,28,27,22,26,24,37,31,23,28,21,25,33,24,25,30,26,17,31,30,20,28,21,0,0,1,1,0,0,0,0,0,0,2,1,1,2,1,0,2,1,2,3,1,1,1,1,0,2,0,1,1,2,2,1,0,1,0,2,0,0,1,2,1,3,1,0,3,0,2,2,1,1,0,0,0,0,4,1,3,1,0,1,1,1,0,1,2,0,1,3,2,2,3,3,0,5,2,1,1,2,2,1,0,1,1,2,1,2,3,0,0,1
23,23,29,24,25,29,29,28,18,39,36,27,28,20,28,3,0,1,3,3,1,0,0,3,0,78,79,71,83,69,67,79,97,78,57,82,111,80,66,78,78,73,73,71,73,17,21,32,28,22,26,19,18,31,32,16,22,19,32,17,26,29,19,19,32,25,22,20,25,23,1,1,2,0,0,1,2,0,1,0,1,3,2,1,2,1,2,2,0,3,0,1,1,1,3,2,3,1,1,1,0,0,0,0,0,1,6,2,0,2,3,3,1,0,2,2,0,1,2,0,0,2,0,3,1,0,0,1,2,1,2,0,2,0,2,2,1,0,2,2,0,1,1,0,1,2,1,0,0,3,0,0,0,3,0,1,0,2,0,1
32,28,21,22,14,21,26,21,25,25,31,25,31,28,22,0,2,1,0,2,0,2,2,1,0,76,81,73,100,89,64,65,81,73,75,70,70,75,74,71,76,73,63,73,78,20,21,25,22,29,24,17,33,27,22,20,18,17,30,28,23,28,24,21,29,24,15,28,26,23,3,1,0,2,1,2,1,0,0,0,2,1,1,2,1,0,2,1,2,3,1,1,1,1,0,2,0,1,1,2,2,1,0,1,0,2,0,0,1,2,1,3,1,0,3,0,2,2,1,1,0,0,0,0,4,1,3,1,0,1,1,1,0,1,2,0,1,3,2,2,3,3,0,5,2,1,1,2,2,1,0,1,1,2,1,2,3,0,0,1
29,23,34,25,18,28,31,28,25,29,24,22,16,24,24,0,0,1,1,2,1,0,0,2,1,90,78,77,65,84,102,78,90,86,74,78,62,72,65,88,83,86,75,67,65,20,29,27,23,21,30,24,30,20,24,15,22,25,28,17,27,15,28,29,20,30,19,31,27,32,0,1,0,2,1,1,1,1,0,0,2,1,1,2,1,0,2,1,2,3,1,1,1,1,0,2,0,1,1,2,2,1,0,1,0,2,0,0,1,2,1,3,1,0,3,0,2,2,1,1,0,0,0,0,4,1,3,1,0,1,1,1,0,1,2,0,1,3,2,2,3,3,0,5,2,1,1,2,2,1,0,1,1,2,1,2,3,0,0,1
22,24,22,19,21,24,21,18,36,31,31,16,29,20,29,2,1,0,1,0,1,1,3,3,2,87,66,71,81,62,93,77,64,77,61,72,62,69,74,73,66,75,100,94,83,33,30,25,24,24,14,16,27,29,29,18,22,22,23,25,22,29,26,25,23,20,23,19,23,29,3,2,0,1,0,1,1,0,0,0,2,1,1,2,1,0,2,1,2,3,1,1,1,1,0,2,0,1,1,2,2,1,0,1,0,2,0,0,1,2,1,3,1,0,3,0,2,2,1,1,0,0,0,0,4,1,3,1,0,1,1,1,0,1,2,0,1,3,2,2,3,3,0,5,2,1,1,2,2,1,0,1,1,2,1,2,3,0,0,1
21,21,24,23,29,18,22,12,22,23,20,18,25,26,18,2,2,3,4,1,2,1,0,1,1,74,85,65,96,58,56,64,67,79,69,75,81,65,85,69,61,85,77,76,77,30,15,28,24,33,20,24,24,22,32,32,24,16,25,31,16,27,23,26,28,15,29,24,27,19,1,0,1,0,2,0,1,0,2,3,1,1,0,1,2,1,2,1,0,1,2,1,0,4,1,1,1,0,2,0,2,2,2,1,0,0,3,1,0,0,3,2,2,0,0,0,0,0,2,2,1,0,3,1,0,0,0,1,1,2,1,1,1,2,1,1,2,1,0,0,3,0,5,3,0,3,0,0,1,3,1,1,0,1,2,1,0,0,0,0
28,18,28,21,32,27,29,18,25,31,17,20,23,26,27,1,0,1,0,1,1,1,0,4,2,80,87,73,73,76,84,78,74,72,86,63,82,67,62,71,97,87,74,62,71,20,29,26,27,22,28,28,37,22,31,34,33,16,20,24,27,16,30,16,30,25,31,28,22,20,1,0,0,1,0,1,2,2,2,1,2,1,1,2,1,0,2,1,2,3,1,1,1,1,0,2,0,1,1,2,2,1,0,1,0,2,0,0,1,2,1,3,1,0,3,0,2,2,1,1,0,0,0,0,4,1,3,1,0,1,1,1,0,1,2,0,1,3,2,2,3,3,0,5,2,1,1,2,2,1,0,1,1,2,1,2,3,0,0,1
14,23,23,28,24,25,22,24,25,30,28,26,30,30,20,1,1,0,2,0,1,1,1,1,2,65,84,77,84,82,85,67,79,74,84,66,87,67,58,74,75,77,79,69,75,34,22,22,18,25,30,23,31,22,24,21,31,28,35,20,26,28,26,27,26,23,28,22,33,23,1,3,2,0,1,0,0,0,0,0,1,0,0,0,2,0,1,1,2,0,2,0,0,0,0,0,1,1,2,0,2,2,0,0,1,3,2,1,0,2,0,1,2,1,2,0,0,1,3,2,2,1,2,1,0,0,1,1,0,1,2,1,0,4,2,2,1,0,2,4,3,2,3,1,1,1,2,1,1,1,1,0,2,0,1,1,2,0,3,2
24,23,31,25,23,30,28,29,27,23,25,20,26,24,33,2,0,1,2,2,1,0,0,1,0,71,65,64,75,88,72,54,81,81,60,79,79,85,72,92,70,96,75,71,85,27,22,25,22,25,19,29,33,28,26,29,30,22,24,26,30,21,29,19,27,27,35,30,20,21,0,0,4,1,0,0,0,2,0,1,0,1,1,1,2,2,1,0,1,1,1,1,1,1,1,1,1,1,1,1,1,0,1,0,1,1,1,1,0,1,0,1,0,2,4,2,1,1,0,1,0,2,2,1,0,0,1,2,0,0,1,1,0,1,3,1,2,0,1,1,1,0,0,1,1,0,0,3,4,0,0,1,1,3,0,1,0,1,1,2
22,27,24,31,26,20,22,16,26,11,23,23,25,24,20,0,1,0,0,0,1,0,0,3,2,64,81,82,83,77,96,67,72,74,80,83,95,99,75,81,64,98,73,62,65,24,29,14,25,23,30,23,34,26,26,22,20,33,23,27,14,34,23,33,24,24,19,27,41,32,2,1,3,0,0,0,1,0,1,0,3,1,0,2,0,0,1,1,0,1,0,2,0,0,1,3,1,1,0,0,1,2,1,2,2,0,3,1,0,0,1,1,1,3,0,1,0,1,0,2,0,0,0,1,2,0,2,1,1,0,1,0,1,0,1,1,0,0,1,2,1,2,2,2,2,0,3,1,1,2,0,1,1,2,0,1,2,1,1,1
21,21,27,26,19,31,36,28,29,21,20,21,29,30,15,1,0,0,0,0,1,2,0,1,0,73,66,75,80,70,82,67,79,77,81,68,67,73,60,83,72,70,77,95,79,28,17,30,22,24,30,29,21,24,28,28,22,26,28,27,23,24,22,20,20,30,20,26,28,32,0,0,1,0,1,3,2,0,3,2,0,3,1,1,1,1,0,0,0,1,1,2,1,1,0,0,1,4,3,0,1,0,1,3,1,0,1,1,0,3,2,3,3,3,1,2,1,1,0,0,0,3,1,2,1,0,2,1,0,1,3,0,1,1,1,0,1,1,1,1,0,2,3,1,1,0,0,1,0,0,3,0,3,0,2,0,2,1,2,0
35,29,25,26,24,24,24,19,25,20,26,25,25,19,21,1,1,1,1,1,2,1,0,0,1,75,82,61,84,71,70,88,70,64,74,69,67,65,78,74,76,81,78,90,62,20,33,17,26,27,30,17,29,21,30,24,22,23,19,26,18,22,27,24,17,22,26,24,27,24,1,0,0,0,2,2,0,1,2,2,2,1,1,2,1,0,2,1,2,3,1,1,1,1,0,2,0,1,1,2,2,1,0,1,0,2,0,0,1,2,1,3,1,0,3,0,2,2,1,1,0,0,0,0,4,1,3,1,0,1,1,1,0,1,2,0,1,3,2,2,3,3,0,5,2,1,1,2,2,1,0,1,1,2,1,2,3,0,0,1
24,28,28,25,29,16,29,22,27,29,27,24,20,35,23,3,1,1,2,3,1,0,1,0,1,75,71,65,84,76,67,79,87,79,76,77,77,86,73,75,76,71,69,67,81,30,33,24,28,35,25,29,27,25,30,22,29,18,28,30,26,22,35,27,25,26,29,30,22,22,1,0,1,1,1,2,1,0,0,0,2,1,1,2,1,0,2,1,2,3,1,1,1,1,0,2,0,1,1,2,2,1,0,1,0,2,0,0,1,2,1,3,1,0,3,0,2,2,1,1,0,0,0,0,4,1,3,1,0,1,1,1,0,1,2,0,1,3,2,2,3,3,0,5,2,1,1,2,2,1,0,1,1,2,1,2,3,0,0,1
29,22,29,30,34,23,24,28,33,27,25,29,17,29,23,0,1,0,1,3,0,1,1,1,3,78,73,88,76,82,73,70,70,89,70,76,71,65,70,87,70,84,66,75,78,28,22,27,22,20,24,20,19,31,26,26,21,20,20,38,22,25,20,25,25,26,21,34,28,30,0,1,0,2,1,0,0,3,0,1,2,1,1,2,1,0,2,1,2,3,1,1,1,1,0,2,0,1,1,2,2,1,0,1,0,2,0,0,1,2,1,3,1,0,3,0,2,2,1,1,0,0,0,0,4,1,3,1,0,1,1,1,0,1,2,0,1,3,2,2,3,3,0,5,2,1,1,2,2,1,0,1,1,2,1,2,3,0,0,1
19,25,19,24,27,24,15,21,25,26,25,27,25,20,33,2,1,2,1,2,1,0,1,0,0,76,71,67,60,70,71,93,72,83,74,79,78,93,90,71,86,72,72,76,68,26,22,26,27,28,22,32,27,30,25,23,23,26,28,24,20,31,24,19,25,18,21,24,27,28,0,0,1,1,2,1,2,2,0,1,2,1,1,2,1,0,2,1,2,3,1,1,1,1,0,2,0,1,1,2,2,1,0,1,0,2,0,0,1,2,1,3,1,0,3,0,2,2,1,1,0,0,0,0,4,1,3,1,0,1,1,1,0,1,2,0,1,3,2,2,3,3,0,5,2,1,1,2,2,1,0,1,1,2,1,2,3,0,0,1
31,21,16,31,21,19,34,33,21,22,17,20,33,30,26,1,2,0,1,0,1,1,2,3,2,85,63,84,97,75,76,83,80,77,73,82,70,79,77,72,63,83,56,80,61,21,23,25,23,19,17,31,25,20,26,32,29,28,15,22,25,26,26,26,16,23,22,19,36,30,0,1,0,2,2,2,2,0,2,1,1,2,3,0,2,1,4,0,0,2,0,1,1,2,1,2,0,0,0,0,2,1,2,2,0,1,0,3,3,2,2,0,0,3,2,0,2,0,0,2,2,1,1,2,0,0,0,0,0,0,0,0,1,0,0,4,1,0,0,1,1,3,2,0,0,1,5,2,2,1,2,0,1,0,1,1,2,3,1,1
16,22,24,40,24,23,27,31,24,18,27,24,31,25,19,2,2,2,1,1,2,0,2,2,1,80,85,72,58,76,70,79,77,77,91,80,79,71,81,84,85,79,87,71,77,23,27,21,20,33,24,25,28,27,26,33,23,26,16,22,24,23,31,25,21,22,32,33,33,21,1,2,0,1,1,2,0,2,2,0,2,0,2,1,1,1,1,0,0,0,0,2,0,2,3,1,2,1,0,2,0,0,0,2,0,0,1,0,1,1,1,1,2,2,1,0,3,5,0,2,3,1,2,1,1,1,1,1,1,0,1,1,0,1,2,1,0,0,5,2,1,2,3,2,0,0,1,0,1,0,0,3,1,0,1,0,2,1,0,2
20,23,20,22,27,34,25,23,29,33,21,31,25,19,29,2,0,0,1,1,1,1,2,0,1,86,82,66,79,78,72,64,72,79,80,69,71,81,77,71,85,71,74,77,74,33,25,22,19,33,20,24,34,25,18,14,25,25,34,25,30,29,26,34,31,27,28,31,22,22,0,3,0,3,3,1,0,1,2,0,3,3,2,3,1,0,1,0,4,0,0,1,0,1,1,0,2,2,0,3,1,2,0,2,0,1,0,0,0,0,0,2,2,0,1,0,0,0,0,2,1,0,0,0,1,0,0,1,0,0,2,3,0,2,2,0,1,2,0,1,0,2,0,3,4,0,1,2,0,1,2,1,2,1,0,0,0,0,1,1
27,26,22,26,30,25,18,31,28,26,27,27,23,26,25,0,1,1,2,0,0,1,0,1,1,73,72,78,69,80,78,60,82,72,70,74,74,85,83,66,84,77,74,71,75,29,19,22,20,23,26,16,23,34,29,25,29,27,37,28,23,25,28,29,26,27,18,32,27,27,0,1,0,0,1,0,2,1,2,2,0,0,1,2,1,1,0,3,2,1,0,2,0,1,2,1,0,4,0,1,0,1,1,1,0,0,2,2,2,3,2,0,0,0,1,0,1,4,0,1,0,0,1,2,0,2,0,1,1,2,2,1,1,2,1,1,1,0,1,1,0,0,2,0,2,2,0,2,1,0,1,0,0,0,4,0,2,1,3,1
18,24,24,27,24,24,26,23,21,26,27,19,24,23,21,3,3,1,2,0,0,1,1,1,0,67,70,69,72,72,80,72,73,71,60,88,65,79,89,89,85,79,82,86,86,16,22,23,35,25,31,20,21,26,21,28,29,27,28,20,32,27,18,26,32,22,21,26,32,25,0,1,0,1,0,1,1,1,0,2,2,1,1,2,1,0,2,1,2,3,1,1,1,1,0,2,0,1,1,2,2,1,0,1,0,2,0,0,1,2,1,3,1,0,3,0,2,2,1,1,0,0,0,0,4,1,3,1,0,1,1,1,0,1,2,0,1,3,2,2,3,3,0,5,2,1,1,2,2,1,0,1,1,2,1,2,3,0,0,1
20,33,24,17,21,29,27,16,28,24,28,23,17,30,24,0,0,1,2,1,1,1,0,2,4,68,84,79,70,76,77,76,70,80,77,69,72,75,64,81,78,77,66,77,66,20,26,18,26,28,26,21,21,30,29,28,29,17,16,31,24,27,26,24,35,31,18,29,25,18,2,2,1,2,1,0,1,0,1,1,2,1,1,2,1,0,2,1,2,3,1,1,1,1,0,2,0,1,1,2,2,1,0,1,0,2,0,0,1,2,1,3,1,0,3,0,2,2,1,1,0,0,0,0,4,1,3,1,0,1,1,1,0,1,2,0,1,3,2,2,3,3,0,5,2,1,1,2,2,1,0,1,1,2,1,2,3,0,0,1
25,21,21,30,25,22,18,23,19,27,26,24,26,19,21,2,0,1,1,2,0,2,1,0,1,79,68,68,91,77,70,85,58,75,90,74,66,86,68,84,70,73,79,76,75,34,33,29,23,31,21,35,20,25,28,19,25,21,33,18,28,19,24,31,26,19,25,24,20,33,2,0,1,0,0,2,1,2,2,5,2,1,1,2,1,0,2,1,2,3,1,1,1,1,0,2,0,1,1,2,2,1,0,1,0,2,0,0,1,2,1,3,1,0,3,0,2,2,1,1,0,0,0,0,4,1,3,1,0,1,1,1,0,1,2,0,1,3,2,2,3,3,0,5,2,1,1,2,2,1,0,1,1,2,1,2,3,0,0,1
24,24,36,27,24,31,22,23,23,24,25,15,28,33,21,1,1,0,0,1,1,4,1,2,0,81,78,63,86,68,80,70,83,76,86,74,65,66,49,72,66,66,84,84,77,35,29,25,29,18,35,26,24,31,19,27,24,19,22,30,25,15,30,30,28,23,25,20,27,22,1,2,0,0,5,2,0,0,2,1,1,1,1,1,0,1,3,0,0,1,1,0,0,1,0,1,2,0,0,0,0,4,0,3,2,2,3,4,0,0,0,1,3,1,0,0,1,1,2,1,0,2,2,0,1,0,1,1,1,0,2,1,2,2,1,0,0,1,0,1,2,0,3,1,2,1,1,2,2,2,0,0,0,3,2,2,1,0,1,0
23,17,30,28,15,17,25,30,24,24,24,28,26,20,33,0,2,0,1,2,0,1,3,1,1,63,85,88,87,79,79,57,76,80,83,70,88,80,82,68,72,65,87,71,87,31,16,25,25,21,32,17,22,23,30,15,26,21,22,20,17,22,30,26,22,29,21,24,29,24,1,0,0,2,0,1,0,1,0,0,0,2,0,2,0,1,1,0,0,2,1,0,2,1,2,0,1,1,0,1,0,1,0,1,2,3,1,0,1,2,1,0,0,1,3,1,1,0,2,2,1,0,2,2,0,2,4,1,1,0,0,2,1,0,7,0,2,0,1,2,0,1,0,0,0,1,1,0,1,2,2,1,1,0,2,0,2,3,0,2
33,30,23,30,23,29,21,24,17,30,20,15,24,26,34,0,2,1,0,2,2,1,2,2,0,71,89,80,81,67,65,69,65,81,74,84,68,72,71,64,80,65,77,76,70,35,22,19,15,34,21,26,23,28,18,27,24,21,27,21,26,30,23,19,17,32,19,32,30,35,0,4,4,0,0,0,3,2,0,0,1,1,2,3,0,2,3,1,0,1,1,2,1,2,0,2,1,1,1,3,2,2,0,0,0,2,2,2,1,0,1,0,0,2,0,0,1,3,2,1,2,2,1,0,2,1,1,1,1,1,0,0,3,1,0,0,0,0,2,1,2,3,0,3,0,1,0,0,0,0,1,2,0,3,0,0,0,0,2,0
24,31,17,32,37,21,27,27,23,29,23,23,30,24,31,2,1,3,2,0,1,1,0,1,1,89,86,85,69,73,70,71,58,72,73,83,85,87,76,65,76,75,87,74,78,24,20,23,20,26,17,22,21,25,27,22,30,24,21,22,28,32,26,17,17,19,23,22,35,20,1,0,1,0,2,0,0,3,3,0,2,1,1,2,1,0,2,1,2,3,1,1,1,1,0,2,0,1,1,2,2,1,0,1,0,2,0,0,1,2,1,3,1,0,3,0,2,2,1,1,0,0,0,0,4,1,3,1,0,1,1,1,0,1,2,0,1,3,2,2,3,3,0,5,2,1,1,2,2,1,0,1,1,2,1,2,3,0,0,1
22,25,26,36,33,30,27,18,23,24,26,17,26,25,26,1,0,3,2,0,0,1,1,0,0,90,74,65,76,75,78,69,81,82,73,82,75,90,92,79,69,80,75,65,92,25,27,28,17,33,27,27,28,22,33,26,27,20,27,23,20,29,28,24,31,24,21,27,28,27,2,1,0,2,2,0,1,1,0,4,2,1,1,2,1,0,2,1,2,3,1,1,1,1,0,2,0,1,1,2,2,1,0,1,0,2,0,0,1,2,1,3,1,0,3,0,2,2,1,1,0,0,0,0,4,1,3,1,0,1,1,1,0,1,2,0,1,3,2,2,3,3,0,5,2,1,1,2,2,1,0,1,1,2,1,2,3,0,0,1
30,29,24,21,26,27,27,22,46,20,22,19,28,36,20,2,0,3,1,0,2,0,1,0,0,71,75,86,81,61,88,67,68,82,68,77,71,95,72,69,78,79,77,69,73,23,28,25,27,18,20,28,27,22,28,24,25,26,38,28,27,24,27,22,28,21,24,21,16,23,1,1,1,2,2,0,3,1,4,2,2,1,1,2,1,0,2,1,2,3,1,1,1,1,0,2,0,1,1,2,2,1,0,1,0,2,0,0,1,2,1,3,1,0,3,0,2,2,1,1,0,0,0,0,4,1,3,1,0,1,1,1,0,1,2,0,1,3,2,2,3,3,0,5,2,1,1,2,2,1,0,1,1,2,1,2,3,0,0,1
19,19,21,29,17,26,24,27,16,18,41,23,24,20,28,1,2,1,1,1,2,1,1,1,2,68,83,71,61,63,90,71,84,83,63,59,72,72,77,72,71,57,77,85,79,23,28,19,21,19,25,38,15,22,19,20,29,15,24,18,14,32,21,25,22,25,21,21,26,19,2,1,2,1,3,1,0,1,1,2,0,1,3,0,2,1,0,2,0,2,0,1,0,1,0,2,0,1,0,0,1,1,1,1,1,2,5,1,0,0,1,0,1,0,0,1,2,0,4,0,0,0,0,0,0,1,0,0,1,3,1,1,1,3,0,2,1,1,1,3,0,1,3,3,1,0,0,1,1,2,2,2,0,2,1,0,0,0,1,0
22,19,19,21,23,20,37,27,25,31,24,24,21,27,21,3,0,1,0,2,1,0,1,1,1,83,72,75,91,85,81,70,58,70,70,73,71,75,84,85,68,76,79,70,76,26,28,25,21,30,23,22,29,23,22,22,24,19,25,19,24,26,25,25,24,20,27,30,29,20,2,0,2,0,1,3,0,0,0,2,1,0,0,2,2,3,3,1,2,2,1,0,0,0,0,1,1,1,0,2,1,1,2,2,0,2,0,1,3,0,1,1,2,0,0,1,1,1,1,1,0,1,0,2,4,1,1,1,1,0,2,1,1,2,0,3,2,1,0,1,0,0,2,0,3,1,1,0,1,1,1,1,0,2,0,1,1,0,1,2
73,74,86,60,67,64,70,53,84,78,59,83,69,75,81,25,31,28,25,26,26,25,18,28,22,72,88,75,79,79,78,67,73,71,76,70,68,64,77,70,72,81,67,77,68,1,1,4,2,2,7,1,2,4,2,1,0,1,1,3,1,0,1,2,0,0,1,2,2,1,19,27,24,20,20,21,20,30,32,31,2,1,1,2,1,0,2,1,2,3,1,1,1,1,0,2,0,1,1,2,2,1,0,1,0,2,0,0,1,2,1,3,1,0,3,0,2,2,1,1,0,0,0,0,4,1,3,1,0,1,1,1,0,1,2,0,1,3,2,2,3,3,0,5,2,1,1,2,2,1,0,1,1,2,1,2,3,0,0,1
77,81,75,59,70,79,66,71,80,70,93,85,98,77,70,19,19,17,36,26,20,35,20,25,31,71,72,72,88,64,79,72,70,62,69,79,92,68,70,85,72,74,56,73,71,1,0,1,1,0,2,0,2,0,1,2,1,1,2,1,0,0,0,3,0,1,0,0,2,0,25,23,24,27,20,18,21,18,29,38,2,1,1,2,1,0,2,1,2,3,1,1,1,1,0,2,0,1,1,2,2,1,0,1,0,2,0,0,1,2,1,3,1,0,3,0,2,2,1,1,0,0,0,0,4,1,3,1,0,1,1,1,0,1,2,0,1,3,2,2,3,3,0,5,2,1,1,2,2,1,0,1,1,2,1,2,3,0,0,1
72,87,66,74,84,80,74,91,67,80,81,61,81,79,60,27,34,26,17,36,18,25,25,22,24,66,90,68,82,64,69,66,85,72,84,73,67,80,79,63,89,79,81,80,80,1,0,0,2,1,0,1,2,0,1,2,1,1,1,0,0,2,0,0,1,0,1,4,1,1,24,26,28,33,19,23,25,23,26,32,1,1,0,2,3,0,0,1,2,2,0,1,0,4,1,3,1,0,0,1,0,1,0,0,0,0,2,1,0,0,0,0,2,0,0,1,0,1,2,1,2,1,1,2,0,0,2,1,1,0,2,0,2,1,1,3,1,1,0,3,0,1,0,2,0,0,0,0,0,0,2,0,0,1,5,2,2,1,1,3
75,80,72,67,91,84,86,77,74,81,76,80,67,70,67,24,30,24,22,25,16,30,21,20,18,65,70,66,68,61,94,73,73,73,100,62,79,69,54,70,71,75,71,84,67,1,0,4,1,0,0,1,3,0,2,1,0,2,0,3,1,1,1,1,1,0,0,1,1,2,24,34,29,28,25,27,35,36,31,18,2,1,1,2,1,0,2,1,2,3,1,1,1,1,0,2,0,1,1,2,2,1,0,1,0,2,0,0,1,2,1,3,1,0,3,0,2,2,1,1,0,0,0,0,4,1,3,1,0,1,1,1,0,1,2,0,1,3,2,2,3,3,0,5,2,1,1,2,2,1,0,1,1,2,1,2,3,0,0,1
81,73,75,63,69,73,73,87,71,67,66,68,82,67,93,21,18,23,21,29,27,17,24,15,25,84,66,68,74,68,88,74,68,67,72,76,72,75,79,71,73,69,77,75,89,2,1,0,0,0,0,0,3,3,2,2,1,1,0,0,0,2,1,1,1,1,1,0,0,2,31,27,27,23,31,26,28,19,20,31,2,1,1,2,1,0,2,1,2,3,1,1,1,1,0,2,0,1,1,2,2,1,0,1,0,2,0,0,1,2,1,3,1,0,3,0,2,2,1,1,0,0,0,0,4,1,3,1,0,1,1,1,0,1,2,0,1,3,2,2,3,3,0,5,2,1,1,2,2,1,0,1,1,2,1,2,3,0,0,1
65,65,71,81,65,67,78,67,71,61,67,81,66,62,79,24,37,25,30,26,32,22,21,30,31,71,78,72,78,76,70,67,83,75,81,89,75,63,63,73,78,74,85,69,70,1,1,1,1,2,1,2,1,1,0,2,1,0,1,0,2,3,0,3,1,1,1,0,2,1,20,25,36,26,28,21,33,26,33,17,2,1,1,2,1,0,2,1,2,3,1,1,1,1,0,2,0,1,1,2,2,1,0,1,0,2,0,0,1,2,1,3,1,0,3,0,2,2,1,1,0,0,0,0,4,1,3,1,0,1,1,1,0,1,2,0,1,3,2,2,3,3,0,5,2,1,1,2,2,1,0,1,1,2,1,2,3,0,0,1
91,60,83,79,74,86,83,84,71,87,63,69,66,70,80,22,21,23,28,18,22,30,27,28,33,79,92,57,84,79,70,77,96,83,77,90,72,67,72,71,70,83,74,66,82,0,1,2,0,0,1,0,0,2,0,3,1,4,3,0,2,0,0,0,1,3,0,0,0,1,29,17,21,29,22,21,32,30,27,20,3,1,2,0,3,1,0,2,1,1,1,2,0,0,1,1,1,1,1,0,0,2,1,0,2,0,1,1,2,0,2,1,1,0,2,0,0,1,0,0,1,0,1,1,2,1,1,2,1,2,0,1,0,2,2,0,1,2,2,0,1,1,2,2,2,1,1,1,0,2,0,3,2,1,0,1,2,0,2,1
69,70,83,73,63,76,84,75,82,64,87,62,78,72,80,22,19,26,30,15,20,29,22,25,22,65,76,76,75,74,70,55,82,66,77,67,80,73,66,71,66,78,76,78,85,2,3,0,1,0,0,1,1,1,0,1,1,0,2,1,2,1,1,0,1,0,1,0,0,0,28,29,19,25,16,29,26,25,24,23,2,1,1,2,1,0,2,1,2,3,1,1,1,1,0,2,0,1,1,2,2,1,0,1,0,2,0,0,1,2,1,3,1,0,3,0,2,2,1,1,0,0,0,0,4,1,3,1,0,1,1,1,0,1,2,0,1,3,2,2,3,3,0,5,2,1,1,2,2,1,0,1,1,2,1,2,3,0,0,1
75,80,74,76,97,87,75,62,71,73,75,76,77,77,92,20,31,23,29,22,27,21,36,25,16,82,77,68,92,92,74,65,72,69,76,75,66,76,76,77,87,70,72,68,83,3,2,0,1,1,1,2,0,0,1,0,2,0,0,0,0,2,2,0,1,1,2,0,0,1,28,25,25,28,19,21,21,30,30,25,2,1,1,2,1,0,2,1,2,3,1,1,1,1,0,2,0,1,1,2,2,1,0,1,0,2,0,0,1,2,1,3,1,0,3,0,2,2,1,1,0,0,0,0,4,1,3,1,0,1,1,1,0,1,2,0,1,3,2,2,3,3,0,5,2,1,1,2,2,1,0,1,1,2,1,2,3,0,0,1
67,64,82,71,67,75,88,82,78,88,80,66,85,87,75,27,30,29,19,25,24,25,30,28,23,70,74,64,75,78,69,81,62,56,68,85,96,75,75,82,54,77,74,77,73,0,1,1,1,0,0,0,2,0,1,1,2,2,1,1,1,0,2,0,3,1,0,0,1,1,18,20,24,25,19,20,24,22,28,23,2,1,4,0,0,1,3,1,0,1,1,1,0,0,1,0,0,1,3,1,2,1,0,2,3,1,1,1,0,1,0,2,0,1,0,1,0,2,4,2,1,0,0,1,0,4,3,2,0,0,0,0,1,1,0,3,1,2,2,0,1,4,1,0,4,1,1,0,1,0,2,0,0,0,2,0,2,0,1,1
61,73,77,77,64,92,88,83,86,74,64,84,67,60,71,18,25,16,29,23,27,35,24,20,25,91,81,67,65,65,65,75,91,76,86,72,73,77,70,73,79,61,84,73,68,0,0,2,1,1,1,1,2,0,1,1,0,0,2,0,0,1,0,1,0,1,2,3,0,0,34,28,29,15,29,22,29,31,24,19,2,1,1,2,1,0,2,1,2,3,1,1,1,1,0,2,0,1,1,2,2,1,0,1,0,2,0,0,1,2,1,3,1,0,3,0,2,2,1,1,0,0,0,0,4,1,3,1,0,1,1,1,0,1,2,0,1,3,2,2,3,3,0,5,2,1,1,2,2,1,0,1,1,2,1,2,3,0,0,1
74,79,69,80,86,85,68,82,77,71,71,72,78,73,66,26,32,27,39,30,26,20,25,27,21,85,96,77,76,84,72,66,82,61,96,68,73,65,94,69,87,76,68,66,69,2,3,0,0,0,1,0,1,2,0,3,0,0,0,2,1,0,0,0,0,1,0,1,2,1,24,29,29,36,22,33,26,26,22,11,2,1,1,2,1,0,2,1,2,3,1,1,1,1,0,2,0,1,1,2,2,1,0,1,0,2,0,0,1,2,1,3,1,0,3,0,2,2,1,1,0,0,0,0,4,1,3,1,0,1,1,1,0,1,2,0,1,3,2,2,3,3,0,5,2,1,1,2,2,1,0,1,1,2,1,2,3,0,0,1
84,88,74,84,92,62,74,81,82,80,81,86,75,70,73,24,22,23,24,28,28,29,34,23,34,85,65,72,79,63,74,57,73,70,82,69,77,60,61,75,78,65,58,82,73,0,0,2,3,0,1,3,0,1,1,1,0,0,2,1,0,2,0,0,2,1,0,0,1,0,24,28,32,22,32,24,21,27,21,23,0,2,0,2,3,1,0,1,2,1,1,2,0,1,2,0,2,0,2,1,0,1,4,0,1,1,1,3,0,3,2,0,1,1,0,2,2,0,0,0,2,1,0,1,0,2,0,2,2,0,2,0,0,1,2,0,2,1,2,4,1,0,2,1,0,0,0,1,0,2,1,0,2,2,1,0,1,1,1,0
66,64,77,77,73,67,69,82,66,76,77,68,75,75,81,26,19,21,21,21,26,17,21,20,23,72,70,70,71,100,79,89,95,75,71,77,81,70,66,72,80,72,72,81,84,1,0,0,2,2,1,2,0,2,1,0,0,1,0,1,2,1,1,0,0,1,0,3,1,3,30,20,24,24,25,28,23,26,26,29,0,1,0,4,0,1,0,1,3,1,1,0,2,3,1,1,0,2,1,1,0,2,4,0,1,0,0,0,1,1,0,0,2,0,1,1,0,0,1,0,0,0,1,3,1,1,3,1,1,1,0,1,0,1,1,1,1,0,0,3,0,0,2,2,1,2,1,1,1,2,2,2,3,2,0,2,0,1,3,2
78,84,84,74,86,75,74,87,65,94,78,71,94,76,76,16,24,22,29,22,32,23,23,22,24,74,76,82,71,76,80,69,64,77,80,76,79,70,86,66,81,88,71,71,61,0,0,1,1,1,1,0,1,3,2,1,1,1,2,1,1,0,2,1,0,2,3,1,1,1,24,24,26,22,28,29,37,23,27,20,0,0,2,0,2,1,0,3,1,0,1,1,1,1,1,0,2,1,1,0,1,0,1,2,0,2,2,2,1,0,1,1,0,1,2,0,3,1,2,0,1,1,1,3,1,3,1,1,0,1,1,0,0,0,2,2,1,0,0,1,1,2,4,2,2,1,2,1,2,0,0,1,1,3,4,0,4,0,0,0
83,73,77,83,79,70,72,75,77,70,80,86,61,67,75,30,22,20,18,19,17,32,25,26,23,84,86,73,80,65,76,81,77,68,71,76,61,75,84,79,64,87,78,75,70,0,1,2,2,2,0,1,0,0,1,1,0,1,2,2,0,1,1,1,2,3,0,1,3,1,18,28,22,20,21,16,28,24,28,33,0,1,0,1,0,0,0,0,1,1,2,0,1,1,2,2,1,0,2,1,1,0,0,0,0,2,3,1,2,0,0,3,3,1,1,1,0,1,0,1,1,2,3,0,1,1,4,2,0,0,1,0,1,1,3,0,0,1,2,1,0,0,2,1,2,3,1,0,0,0,0,0,1,1,1,1,2,2,0,0
62,68,82,83,74,65,82,84,75,76,82,76,57,63,79,23,28,21,23,23,29,31,25,27,25,65,70,93,89,79,80,90,61,71,75,73,73,79,68,78,71,73,79,65,82,0,3,2,2,0,2,1,1,3,1,1,1,3,2,2,0,0,0,0,0,2,3,2,0,3,26,17,21,19,27,23,20,27,32,19,2,1,1,2,1,0,2,1,2,3,1,1,1,1,0,2,0,1,1,2,2,1,0,1,0,2,0,0,1,2,1,3,1,0,3,0,2,2,1,1,0,0,0,0,4,1,3,1,0,1,1,1,0,1,2,0,1,3,2,2,3,3,0,5,2,1,1,2,2,1,0,1,1,2,1,2,3,0,0,1
72,77,58,75,78,86,76,73,71,62,80,81,82,72,81,26,31,24,26,28,29,19,25,30,27,79,73,75,66,63,74,75,74,70,75,66,93,72,80,81,73,93,81,76,67,0,1,2,1,4,0,2,1,2,2,1,1,0,1,1,1,0,2,4,3,0,1,0,0,2,24,26,24,24,26,26,28,27,33,21,2,1,1,2,1,0,2,1,2,3,1,1,1,1,0,2,0,1,1,2,2,1,0,1,0,2,0,0,1,2,1,3,1,0,3,0,2,2,1,1,0,0,0,0,4,1,3,1,0,1,1,1,0,1,2,0,1,3,2,2,3,3,0,5,2,1,1,2,2,1,0,1,1,2,1,2,3,0,0,1
71,75,76,66,69,79,68,69,69,73,69,79,80,76,77,26,25,19,32,28,25,23,27,40,25,63,70,97,70,73,70,73,73,81,86,79,70,76,66,68,108,56,66,75,91,0,1,1,1,0,1,1,2,4,2,5,1,0,0,0,0,1,1,3,0,1,1,0,1,0,23,26,29,21,30,27,15,20,22,28,1,2,2,0,2,0,1,2,1,1,1,1,1,2,1,1,3,2,1,1,0,1,0,0,3,0,0,1,0,3,0,1,4,0,1,3,0,2,0,1,2,1,1,1,3,2,2,2,0,0,2,0,2,1,0,0,1,0,1,0,1,2,0,3,1,1,4,1,2,0,0,1,1,1,2,0,1,2,0,1
77,84,87,78,74,77,76,64,68,86,97,66,77,60,97,26,27,12,20,17,24,34,31,26,25,72,67,62,85,74,72,83,85,74,80,75,83,85,80,78,61,60,83,69,80,0,4,2,3,2,0,2,2,0,1,3,0,1,0,0,1,1,0,0,1,0,2,0,0,2,21,18,23,30,33,27,28,21,20,19,2,1,1,2,1,0,2,1,2,3,1,1,1,1,0,2,0,1,1,2,2,1,0,1,0,2,0,0,1,2,1,3,1,0,3,0,2,2,1,1,0,0,0,0,4,1,3,1,0,1,1,1,0,1,2,0,1,3,2,2,3,3,0,5,2,1,1,2,2,1,0,1,1,2,1,2,3,0,0,1
71,70,71,74,66,89,84,77,76,88,61,77,86,64,82,24,27,25,22,24,26,25,25,25,26,80,85,77,84,77,76,78,71,84,68,68,83,82,79,70,76,87,52,86,71,1,3,1,2,1,1,1,0,2,0,1,1,3,0,1,1,1,0,0,1,2,0,2,0,2,29,22,36,27,23,26,23,22,35,27,2,1,1,2,1,0,2,1,2,3,1,1,1,1,0,2,0,1,1,2,2,1,0,1,0,2,0,0,1,2,1,3,1,0,3,0,2,2,1,1,0,0,0,0,4,1,3,1,0,1,1,1,0,1,2,0,1,3,2,2,3,3,0,5,2,1,1,2,2,1,0,1,1,2,1,2,3,0,0,1
84,70,68,65,76,71,79,81,92,79,85,77,74,66,82,16,28,23,20,24,22,22,17,26,21,81,98,82,84,76,70,81,68,67,62,70,90,62,84,60,76,78,69,69,87,2,4,1,0,1,1,1,0,1,1,1,2,1,0,1,1,1,2,1,1,1,1,2,0,1,28,19,28,33,26,35,26,27,29,22,0,1,1,1,1,2,0,1,1,0,1,1,1,2,1,0,1,2,0,0,1,0,0,1,1,3,1,3,1,2,0,1,1,3,0,0,0,1,2,1,0,1,2,2,0,1,2,2,1,2,2,0,3,2,1,1,0,1,2,1,3,0,1,2,1,2,1,3,2,2,1,2,0,1,0,0,2,0,1,1
85,84,75,72,82,82,54,60,71,74,80,61,90,90,70,24,43,32,28,27,19,29,18,24,21,80,86,74,75,65,73,80,83,75,78,81,57,67,83,77,67,77,90,76,62,2,0,1,0,1,3,1,1,1,1,0,2,0,0,0,1,2,0,2,1,2,0,1,2,4,22,26,23,16,22,22,21,23,20,21,2,1,1,2,1,0,2,1,2,3,1,1,1,1,0,2,0,1,1,2,2,1,0,1,0,2,0,0,1,2,1,3,1,0,3,0,2,2,1,1,0,0,0,0,4,1,3,1,0,1,1,1,0,1,2,0,1,3,2,2,3,3,0,5,2,1,1,2,2,1,0,1,1,2,1,2,3,0,0,1
95,82,70,79,77,82,80,60,56,84,83,71,70,78,63,29,33,29,26,24,20,29,27,33,29,63,69,73,71,63,72,74,86,73,87,77,68,83,71,94,87,77,69,94,94,0,2,1,2,0,2,1,1,2,0,1,0,1,0,0,1,0,1,3,1,0,3,0,1,2,28,21,28,28,28,17,25,19,30,32,0,1,2,0,0,2,1,0,0,1,1,2,1,0,2,5,2,1,0,2,0,2,4,1,0,1,1,0,1,0,3,2,0,3,2,0,0,0,0,0,2,0,0,0,2,2,1,2,0,0,0,6,0,2,1,0,0,0,1,0,2,0,1,2,4,3,3,2,0,1,2,0,1,3,1,0,0,2,1,0
72,64,73,77,70,80,78,74,89,78,81,85,65,71,96,26,21,33,28,19,32,19,29,27,26,94,77,66,80,74,65,87,84,87,57,76,75,70,76,79,68,63,71,77,91,1,0,0,3,0,2,2,2,1,1,3,0,1,2,1,3,0,1,1,0,0,1,0,1,0,30,36,20,25,20,23,21,34,30,36,2,1,1,2,1,0,2,1,2,3,1,1,1,1,0,2,0,1,1,2,2,1,0,1,0,2,0,0,1,2,1,3,1,0,3,0,2,2,1,1,0,0,0,0,4,1,3,1,0,1,1,1,0,1,2,0,1,3,2,2,3,3,0,5,2,1,1,2,2,1,0,1,1,2,1,2,3,0,0,1
55,75,80,72,68,69,62,85,55,85,76,77,80,61,79,23,27,25,26,22,30,26,22,37,25,74,86,64,77,73,71,75,86,92,77,82,69,71,69,73,67,74,86,64,81,2,2,3,0,0,1,1,0,2,0,1,1,1,1,1,1,1,1,0,3,0,0,1,0,1,24,25,33,29,18,22,32,28,24,21,1,2,0,3,1,3,1,3,2,2,0,0,0,2,1,1,2,2,1,0,1,1,1,2,2,0,1,1,1,0,0,1,1,2,0,0,0,1,1,3,0,0,0,0,0,1,1,0,0,2,2,2,0,2,1,2,1,2,0,0,0,1,1,2,2,2,2,3,2,0,1,2,2,0,1,2,2,4,1,0
71,69,67,63,68,62,74,82,78,71,74,72,67,97,79,27,29,27,23,24,22,29,29,21,20,73,72,77,59,82,68,80,74,65,74,73,81,67,87,86,81,82,56,80,88,0,0,2,2,0,1,0,1,3,0,0,2,2,1,0,0,0,2,1,1,1,2,1,1,2,29,30,22,20,31,22,25,30,31,22,1,2,0,0,1,2,3,1,0,1,0,0,2,3,2,0,1,4,2,0,1,0,2,3,1,1,0,0,1,1,2,1,1,0,1,1,1,1,2,1,0,1,2,0,2,3,0,1,0,0,0,0,0,2,1,0,0,3,3,1,0,2,0,1,4,1,1,1,0,1,1,3,0,0,1,0,3,1,0,0
66,77,66,60,74,61,81,68,80,73,61,64,79,72,72,24,32,22,17,25,22,23,20,22,18,71,77,68,75,89,83,80,69,79,69,60,67,70,79,77,97,68,55,70,75,4,1,0,3,1,1,0,3,1,3,2,1,1,2,0,2,1,1,2,1,3,1,1,0,0,24,23,19,22,14,32,20,27,21,29,2,1,1,0,2,0,0,2,1,1,1,0,1,0,0,2,0,2,2,0,0,2,0,0,0,5,1,3,1,0,0,0,1,0,1,1,0,1,1,2,1,0,1,1,0,3,3,2,1,0,2,2,1,3,2,1,1,0,2,1,3,0,1,0,4,2,1,2,1,1,3,2,2,0,0,2,0,2,2,0
68,78,78,69,82,75,90,83,74,85,70,81,70,71,75,39,19,18,28,24,28,23,24,27,23,71,79,95,85,81,57,78,84,79,68,78,64,65,72,65,72,67,75,64,76,1,3,0,1,1,0,1,1,2,2,1,2,3,2,2,2,1,1,2,0,2,0,3,1,0,28,20,25,17,19,16,24,26,20,28,2,1,1,2,1,0,2,1,2,3,1,1,1,1,0,2,0,1,1,2,2,1,0,1,0,2,0,0,1,2,1,3,1,0,3,0,2,2,1,1,0,0,0,0,4,1,3,1,0,1,1,1,0,1,2,0,1,3,2,2,3,3,0,5,2,1,1,2,2,1,0,1,1,2,1,2,3,0,0,1
65,72,63,88,73,66,73,81,79,70,79,85,65,64,77,27,24,22,18,29,23,19,25,19,21,84,69,75,81,90,67,88,69,67,78,77,66,75,66,78,73,71,78,73,79,3,0,0,1,1,1,1,1,1,0,1,2,0,0,1,0,1,3,2,3,0,1,0,1,0,25,31,28,17,34,18,33,25,27,19,2,1,1,2,1,0,2,1,2,3,1,1,1,1,0,2,0,1,1,2,2,1,0,1,0,2,0,0,1,2,1,3,1,0,3,0,2,2,1,1,0,0,0,0,4,1,3,1,0,1,1,1,0,1,2,0,1,3,2,2,3,3,0,5,2,1,1,2,2,1,0,1,1,2,1,2,3,0,0,1
64,74,83,75,66,73,63,71,78,62,66,89,75,56,81,22,16,23,16,32,17,30,23,25,30,69,62,70,78,79,75,63,90,68,88,69,79,75,57,85,68,79,83,75,72,1,2,1,1,1,0,0,1,0,2,2,1,1,1,2,1,0,0,1,3,1,2,0,0,0,20,33,21,24,17,30,29,23,33,30,2,1,1,2,1,0,2,1,2,3,1,1,1,1,0,2,0,1,1,2,2,1,0,1,0,2,0,0,1,2,1,3,1,0,3,0,2,2,1,1,0,0,0,0,4,1,3,1,0,1,1,1,0,1,2,0,1,3,2,2,3,3,0,5,2,1,1,2,2,1,0,1,1,2,1,2,3,0,0,1
74,78,72,67,71,87,86,76,61,82,82,89,76,59,80,26,27,26,24,25,22,36,25,19,27,63,79,73,74,82,58,87,86,71,79,74,76,95,73,75,64,83,62,77,86,2,1,0,2,2,0,3,0,1,1,3,0,2,1,1,1,0,0,1,2,0,1,0,2,0,26,28,26,33,27,22,23,22,22,29,2,1,1,2,1,0,2,1,2,3,1,1,1,1,0,2,0,1,1,2,2,1,0,1,0,2,0,0,1,2,1,3,1,0,3,0,2,2,1,1,0,0,0,0,4,1,3,1,0,1,1,1,0,1,2,0,1,3,2,2,3,3,0,5,2,1,1,2,2,1,0,1,1,2,1,2,3,0,0,1
72,78,73,84,61,88,84,90,75,86,71,93,80,82,62,20,29,32,27,29,29,25,33,35,24,75,72,78,63,77,75,72,76,73,76,72,84,80,83,80,82,71,72,83,81,1,1,2,0,1,2,1,1,1,4,1,1,2,0,1,2,0,3,1,0,0,2,1,3,0,27,23,30,19,28,23,23,34,23,25,0,0,2,2,0,3,1,1,2,1,2,2,0,0,1,2,2,3,0,0,0,2,1,0,1,1,0,2,0,0,0,2,1,4,0,2,0,1,0,1,1,1,0,5,2,1,1,1,3,3,1,0,1,0,1,0,1,0,1,0,0,2,2,1,0,2,1,1,0,0,2,1,0,0,1,1,4,1,0,3
72,69,79,75,84,61,71,73,84,83,64,93,60,87,65,25,27,24,26,21,17,25,25,28,20,75,75,70,72,54,78,73,67,70,88,63,76,82,90,92,65,72,64,69,59,0,1,1,0,3,0,0,1,2,0,0,0,1,0,1,0,0,0,0,0,0,0,1,0,1,25,29,27,20,27,30,32,29,18,25,2,1,1,2,1,0,2,1,2,3,1,1,1,1,0,2,0,1,1,2,2,1,0,1,0,2,0,0,1,2,1,3,1,0,3,0,2,2,1,1,0,0,0,0,4,1,3,1,0,1,1,1,0,1,2,0,1,3,2,2,3,3,0,5,2,1,1,2,2,1,0,1,1,2,1,2,3,0,0,1
78,70,69,74,83,79,77,69,77,80,66,82,65,79,61,19,23,23,28,27,32,22,28,33,18,72,75,82,68,74,71,72,79,75,74,75,69,77,76,81,73,77,75,66,80,1,2,3,0,1,0,0,0,0,2,2,1,0,3,1,2,3,0,1,1,2,1,1,1,1,37,23,29,24,27,27,23,20,23,16,2,1,1,2,1,0,2,1,2,3,1,1,1,1,0,2,0,1,1,2,2,1,0,1,0,2,0,0,1,2,1,3,1,0,3,0,2,2,1,1,0,0,0,0,4,1,3,1,0,1,1,1,0,1,2,0,1,3,2,2,3,3,0,5,2,1,1,2,2,1,0,1,1,2,1,2,3,0,0,1
76,74,76,73,76,78,74,72,84,81,99,90,81,69,78,25,17,34,24,26,30,25,13,25,28,77,77,87,76,68,72,60,75,107,94,75,75,80,70,85,81,67,68,74,66,2,2,0,1,0,0,2,1,0,1,0,1,0,1,0,1,2,2,0,1,1,1,0,3,1,34,27,27,20,28,33,22,33,28,18,2,1,1,2,1,0,2,1,2,3,1,1,1,1,0,2,0,1,1,2,2,1,0,1,0,2,0,0,1,2,1,3,1,0,3,0,2,2,1,1,0,0,0,0,4,1,3,1,0,1,1,1,0,1,2,0,1,3,2,2,3,3,0,5,2,1,1,2,2,1,0,1,1,2,1,2,3,0,0,1
70,69,94,67,78,69,70,77,88,82,85,66,79,82,82,22,21,23,19,27,23,30,22,32,20,75,63,66,69,74,73,67,58,64,73,82,67,91,70,82,63,65,65,65,64,0,0,1,2,1,1,0,1,1,3,3,1,2,2,0,0,2,0,2,0,0,1,1,1,2,32,26,24,25,35,24,25,15,26,18,2,1,1,2,1,0,2,1,2,3,1,1,1,1,0,2,0,1,1,2,2,1,0,1,0,2,0,0,1,2,1,3,1,0,3,0,2,2,1,1,0,0,0,0,4,1,3,1,0,1,1,1,0,1,2,0,1,3,2,2,3,3,0,5,2,1,1,2,2,1,0,1,1,2,1,2,3,0,0,1
70,77,75,73,58,69,74,77,70,69,83,61,73,63,79,24,22,21,23,21,28,22,19,26,26,76,74,70,84,82,80,79,81,87,70,66,72,79,63,70,84,56,68,84,75,1,1,0,1,2,1,0,0,1,0,0,1,1,1,0,1,3,1,4,0,1,2,0,0,0,27,27,25,19,28,30,29,19,26,23,2,1,1,2,1,0,2,1,2,3,1,1,1,1,0,2,0,1,1,2,2,1,0,1,0,2,0,0,1,2,1,3,1,0,3,0,2,2,1,1,0,0,0,0,4,1,3,1,0,1,1,1,0,1,2,0,1,3,2,2,3,3,0,5,2,1,1,2,2,1,0,1,1,2,1,2,3,0,0,1
80,69,69,78,70,72,77,83,63,81,74,78,66,76,75,19,23,27,27,26,30,23,20,26,17,81,79,84,72,75,66,63,75,77,96,88,60,77,90,86,68,88,85,61,62,1,1,3,0,4,1,1,1,0,0,1,1,2,1,2,1,2,0,1,2,1,2,1,0,0,22,26,27,13,32,31,18,27,26,19,1,2,3,0,2,3,0,0,1,1,1,1,1,1,0,2,1,0,2,0,2,1,1,0,0,1,1,2,0,1,1,1,0,1,3,1,1,1,0,0,0,0,2,0,2,2,0,1,0,1,3,0,1,2,0,0,1,3,0,2,3,0,0,0,1,3,1,2,1,0,1,0,3,0,3,0,2,2,2,1
88,78,82,83,72,66,78,65,76,77,62,80,77,73,83,27,33,28,27,35,23,25,28,28,25,76,76,80,74,74,82,80,79,78,90,63,70,90,87,78,74,89,76,65,80,0,1,0,0,1,0,1,1,0,1,0,1,2,1,0,0,0,0,2,0,2,1,2,1,0,25,24,25,24,17,15,23,22,24,30,2,1,1,2,1,0,2,1,2,3,1,1,1,1,0,2,0,1,1,2,2,1,0,1,0,2,0,0,1,2,1,3,1,0,3,0,2,2,1,1,0,0,0,0,4,1,3,1,0,1,1,1,0,1,2,0,1,3,2,2,3,3,0,5,2,1,1,2,2,1,0,1,1,2,1,2,3,0,0,1
76,72,67,69,69,81,72,80,73,64,66,65,80,73,72,18,23,29,20,25,30,26,15,21,26,72,72,62,85,66,71,69,71,80,70,81,69,61,76,96,63,86,77,82,80,0,1,1,0,1,0,0,0,0,2,1,1,1,2,2,0,0,1,3,0,1,2,1,0,2,29,23,28,24,21,22,20,28,22,27,2,1,1,2,1,0,2,1,2,3,1,1,1,1,0,2,0,1,1,2,2,1,0,1,0,2,0,0,1,2,1,3,1,0,3,0,2,2,1,1,0,0,0,0,4,1,3,1,0,1,1,1,0,1,2,0,1,3,2,2,3,3,0,5,2,1,1,2,2,1,0,1,1,2,1,2,3,0,0,1
74,74,72,88,73,69,77,62,70,86,80,64,61,80,69,18,21,24,25,34,23,28,30,30,22,67,101,75,68,80,58,68,82,74,67,61,85,79,77,95,67,77,62,72,75,4,0,0,3,0,1,1,1,4,1,0,1,0,0,0,1,0,1,1,0,0,0,3,1,1,20,19,34,18,29,18,28,19,23,23,0,3,1,0,1,2,0,3,0,1,0,0,1,2,0,0,2,1,0,2,1,1,0,1,1,1,0,1,0,0,3,2,1,3,2,0,1,1,2,1,2,1,1,1,1,0,0,3,0,0,1,1,0,3,1,1,1,2,0,0,2,0,2,1,1,0,2,2,1,2,1,2,2,1,1,2,2,2,1,0
79,88,78,67,82,76,71,74,88,71,86,82,72,79,73,26,23,23,28,19,24,28,24,21,17,73,76,54,92,67,87,81,78,68,90,80,78,82,91,75,83,70,59,79,85,1,1,2,0,2,0,4,1,3,0,0,0,1,3,1,1,2,2,1,2,1,1,0,3,4,21,34,25,28,21,26,17,18,31,30,2,1,1,2,1,0,2,1,2,3,1,1,1,1,0,2,0,1,1,2,2,1,0,1,0,2,0,0,1,2,1,3,1,0,3,0,2,2,1,1,0,0,0,0,4,1,3,1,0,1,1,1,0,1,2,0,1,3,2,2,3,3,0,5,2,1,1,2,2,1,0,1,1,2,1,2,3,0,0,1
79,76,71,81,72,68,84,66,70,77,85,76,81,65,69,18,22,27,24,15,26,25,25,34,25,71,78,72,75,69,83,77,69,73,84,79,77,76,89,65,65,60,70,58,86,2,0,1,1,1,0,0,2,1,3,2,0,1,0,1,0,1,1,1,1,0,1,1,0,2,45,32,27,24,33,21,34,29,21,26,1,3,2,0,0,1,3,3,0,0,0,3,0,3,1,1,0,1,1,1,0,4,0,0,0,0,2,3,1,2,1,1,0,1,2,0,1,0,0,0,1,1,2,2,3,1,2,0,1,0,2,0,1,0,0,0,3,1,0,4,0,0,2,3,0,0,1,1,4,0,0,1,0,2,0,3,2,2,1,0
87,74,63,66,82,69,94,82,66,77,69,61,67,84,87,20,31,41,24,28,19,29,28,32,19,80,86,82,74,66,82,73,77,70,73,79,67,90,84,69,73,88,67,66,79,0,0,1,1,5,2,1,0,0,3,0,1,2,1,0,0,4,1,0,0,1,3,0,0,1,25,35,28,23,21,15,25,28,20,25,2,1,1,2,1,0,2,1,2,3,1,1,1,1,0,2,0,1,1,2,2,1,0,1,0,2,0,0,1,2,1,3,1,0,3,0,2,2,1,1,0,0,0,0,4,1,3,1,0,1,1,1,0,1,2,0,1,3,2,2,3,3,0,5,2,1,1,2,2,1,0,1,1,2,1,2,3,0,0,1
62,85,69,64,73,69,66,76,71,77,85,82,63,79,66,25,29,23,25,26,23,33,9,21,31,80,73,62,81,79,92,73,77,77,71,70,78,73,66,73,72,63,76,72,70,0,3,5,2,1,2,0,3,0,0,2,1,0,1,0,0,2,0,1,5,2,1,0,1,0,26,24,20,27,27,22,26,31,22,22,2,1,1,2,1,0,2,1,2,3,1,1,1,1,0,2,0,1,1,2,2,1,0,1,0,2,0,0,1,2,1,3,1,0,3,0,2,2,1,1,0,0,0,0,4,1,3,1,0,1,1,1,0,1,2,0,1,3,2,2,3,3,0,5,2,1,1,2,2,1,0,1,1,2,1,2,3,0,0,1
78,76,82,75,88,78,81,74,74,70,101,88,82,72,76,19,29,26,28,23,15,35,30,35,32,63,65,84,77,85,73,79,82,89,79,89,81,88,76,80,77,67,77,73,65,0,1,1,0,1,2,0,2,1,1,1,1,3,1,2,0,1,0,0,1,1,2,0,0,1,28,14,30,21,32,26,19,18,20,28,0,0,0,1,2,1,1,0,2,1,1,1,1,1,0,0,1,0,2,2,2,1,0,1,1,0,1,1,0,0,0,0,3,2,3,0,0,0,2,1,3,2,1,1,1,1,0,3,0,1,2,0,0,2,0,0,0,4,1,0,3,1,1,0,0,2,1,0,0,0,1,1,2,2,1,2,0,1,1,1
77,74,74,81,79,77,72,79,91,66,61,83,71,66,69,26,24,27,28,28,40,23,22,26,27,72,92,72,76,72,82,65,75,85,84,81,68,54,82,68,85,75,83,72,81,0,2,3,0,1,0,0,2,3,2,2,0,1,0,2,0,2,2,0,0,1,1,1,2,2,23,35,25,24,24,20,24,20,31,29,2,1,1,2,1,0,2,1,2,3,1,1,1,1,0,2,0,1,1,2,2,1,0,1,0,2,0,0,1,2,1,3,1,0,3,0,2,2,1,1,0,0,0,0,4,1,3,1,0,1,1,1,0,1,2,0,1,3,2,2,3,3,0,5,2,1,1,2,2,1,0,1,1,2,1,2,3,0,0,1
73,63,77,71,74,67,78,80,82,85,56,77,70,66,70,21,23,32,26,27,31,29,21,27,19,66,64,69,74,85,70,82,77,55,76,84,82,71,83,67,69,100,68,83,69,1,0,0,0,1,1,0,2,1,0,0,0,0,1,1,1,0,3,1,0,0,1,1,2,2,21,28,35,22,34,19,26,32,25,23,1,2,3,0,1,1,1,1,0,1,0,0,1,1,2,1,0,1,0,2,1,3,1,4,2,1,1,2,2,1,0,1,1,2,1,0,1,1,1,1,1,2,1,1,2,0,0,0,1,1,2,2,1,0,0,0,2,1,2,0,2,1,2,1,1,1,0,1,2,1,0,3,0,1,1,2,1,1,1,2
72,71,95,60,79,66,67,70,73,64,80,82,84,79,77,21,30,28,37,17,18,24,23,21,26,69,85,72,82,66,85,56,79,67,94,89,69,81,70,66,68,72,72,76,64,4,0,1,0,1,0,1,0,2,1,1,1,1,0,1,2,3,0,1,2,1,2,1,1,1,22,24,24,26,25,29,21,31,28,21,2,1,1,2,1,0,2,1,2,3,1,1,1,1,0,2,0,1,1,2,2,1,0,1,0,2,0,0,1,2,1,3,1,0,3,0,2,2,1,1,0,0,0,0,4,1,3,1,0,1,1,1,0,1,2,0,1,3,2,2,3,3,0,5,2,1,1,2,2,1,0,1,1,2,1,2,3,0,0,1